 year |   average_critic    |    average_user    
------+---------------------+--------------------
 2015 | 57.0406504065040650 | 6.6023622047244094
 2016 | 58.2835820895522388 | 6.4367003367003367
 2012 | 61.1451612903225806 | 6.9250000000000000
 2006 | 64.4146341463414634 | 7.1250000000000000
 2011 | 61.7241379310344828 | 6.8380952380952381
 2014 | 57.3157894736842105 | 6.8377551020408163
 2010 | 59.3898305084745763 | 6.8266666666666667
 2009 | 57.1224489795918367 | 6.9607843137254902
 2007 | 64.5000000000000000 | 7.1339622641509434
 2013 | 58.5348837209302326 | 6.8120879120879121
 2008 | 57.4081632653061224 | 6.7846153846153846
(11 rows)

