 movie_id | actor_id 
----------+----------
        1 |     1173
        1 |     1798
        1 |     2146
        1 |     2237
        2 |      547
        2 |      878
        2 |     1378
        2 |     1484
        3 |       39
        3 |       73
        3 |      720
        3 |     1792
        4 |      354
        4 |     1102
        4 |     1125
        4 |     1764
        5 |      345
        5 |      785
        5 |     1113
        5 |     1568
        6 |       67
        6 |      583
        6 |     1703
        6 |     2152
        7 |       81
        7 |      545
        7 |     2035
        7 |     2136
        8 |      261
        8 |      675
        8 |     1919
        8 |     1928
        9 |      300
        9 |      704
        9 |     1045
        9 |     1286
       10 |      854
       10 |      865
       10 |      890
       10 |     2158
       11 |      714
       11 |      764
       11 |      992
       11 |     2377
       12 |      214
       12 |      601
       12 |     1466
       12 |     1838
       13 |      588
       13 |     1532
       13 |     1924
       13 |     2314
       14 |      723
       14 |     1133
       14 |     1757
       14 |     2064
       15 |      476
       15 |      478
       15 |     1956
       15 |     2209
       16 |      841
       16 |     1147
       16 |     1440
       16 |     2290
       17 |      513
       17 |     1225
       17 |     1432
       17 |     1737
       18 |       67
       18 |      640
       18 |      898
       18 |     1552
       19 |      858
       19 |      977
       19 |     1126
       19 |     1150
       20 |      618
       20 |      794
       20 |     1376
       20 |     1441
       21 |     1102
       21 |     1292
       21 |     1870
       21 |     2083
       22 |      639
       22 |     1190
       22 |     1742
       22 |     1813
       23 |      199
       23 |     1700
       23 |     1902
       23 |     2164
       24 |      998
       24 |     1615
       24 |     1908
       24 |     2099
       25 |      175
       25 |      774
       25 |     1132
       25 |     2127
       26 |      370
       26 |      502
       26 |      752
       26 |     2247
       27 |      134
       27 |      464
       27 |     1128
       27 |     2147
       28 |      578
       28 |     1076
       28 |     1508
       28 |     1681
       29 |     1273
       29 |     1728
       29 |     2094
       29 |     2332
       30 |      657
       30 |     1439
       30 |     1507
       30 |     1868
       31 |      146
       31 |      749
       31 |     1080
       31 |     1092
       32 |      731
       32 |     1065
       32 |     1441
       32 |     2371
       33 |      720
       33 |     1243
       33 |     1484
       33 |     2350
       34 |      575
       34 |      719
       34 |     1946
       34 |     2352
       35 |      327
       35 |     1176
       35 |     1936
       35 |     2318
       36 |      371
       36 |     1054
       36 |     1197
       36 |     2124
       37 |      366
       37 |      499
       37 |      797
       37 |     1102
       38 |      257
       38 |      855
       38 |     1235
       38 |     1549
       39 |       26
       39 |      149
       39 |     2158
       39 |     2231
       40 |     1055
       40 |     1130
       40 |     1319
       40 |     1943
       41 |      185
       41 |     1563
       41 |     2098
       41 |     2281
       42 |      610
       42 |     1361
       42 |     1514
       42 |     2166
       43 |       52
       43 |       87
       43 |      930
       43 |      961
       44 |      404
       44 |      983
       44 |     1298
       44 |     1521
       45 |      837
       45 |     1168
       45 |     1842
       45 |     2296
       46 |      219
       46 |      417
       46 |      459
       46 |     1140
       47 |      144
       47 |      618
       47 |      843
       47 |     2115
       48 |      232
       48 |      433
       48 |     1860
       48 |     2271
       49 |      466
       49 |     1152
       49 |     1421
       49 |     2237
       50 |      331
       50 |     1227
       50 |     1961
       50 |     2356
       51 |      493
       51 |      838
       51 |     1162
       51 |     1318
       52 |      270
       52 |      637
       52 |     1871
       52 |     2331
       53 |      172
       53 |      818
       53 |      826
       53 |     2209
       54 |      908
       54 |     1026
       54 |     2104
       54 |     2152
       55 |      280
       55 |      351
       55 |      754
       55 |      757
       56 |     1030
       56 |     1239
       56 |     1432
       56 |     2129
       57 |      656
       57 |      729
       57 |     1665
       57 |     1975
       58 |     1256
       58 |     1569
       58 |     1688
       58 |     2391
       59 |      880
       59 |     1719
       59 |     1983
       59 |     2391
       60 |       10
       60 |      351
       60 |      471
       60 |     2162
       61 |      324
       61 |     1431
       61 |     1714
       61 |     2385
       62 |     1135
       62 |     1202
       62 |     1650
       62 |     1655
       63 |      275
       63 |      290
       63 |      632
       63 |     1442
       64 |      638
       64 |      943
       64 |     1724
       64 |     2137
       65 |      757
       65 |     1261
       65 |     1580
       65 |     1764
       66 |      411
       66 |      754
       66 |      938
       66 |     1203
       67 |      200
       67 |      545
       67 |      726
       67 |     2085
       68 |      769
       68 |     1243
       68 |     1378
       68 |     2169
       69 |      733
       69 |      955
       69 |     1043
       69 |     1636
       70 |      239
       70 |      726
       70 |      902
       70 |     1057
       71 |       13
       71 |      602
       71 |     1283
       71 |     1952
       72 |      514
       72 |     1439
       72 |     2017
       72 |     2047
       73 |      446
       73 |     1462
       73 |     1864
       73 |     2360
       74 |     1169
       74 |     1568
       74 |     2065
       74 |     2125
       75 |      503
       75 |      517
       75 |      940
       75 |     1084
       76 |      310
       76 |      417
       76 |     1206
       76 |     1262
       77 |       78
       77 |     1247
       77 |     1764
       77 |     2086
       78 |      260
       78 |      514
       78 |      576
       78 |     1120
       79 |       75
       79 |      310
       79 |      417
       79 |     1206
       80 |     1334
       80 |     1536
       80 |     2098
       80 |     2263
       81 |      408
       81 |      995
       81 |     1019
       81 |     1252
       82 |      496
       82 |      681
       82 |     1768
       82 |     2177
       83 |      785
       83 |      995
       83 |     1102
       83 |     1563
       84 |      607
       84 |     1431
       84 |     1797
       84 |     1824
       85 |      190
       85 |      555
       85 |     1522
       85 |     1757
       86 |      567
       86 |      744
       86 |     1292
       86 |     1798
       87 |     1163
       87 |     1431
       87 |     1657
       87 |     1876
       88 |     1388
       88 |     1462
       88 |     1992
       88 |     2237
       89 |      191
       89 |      902
       89 |     1866
       89 |     2246
       90 |      545
       90 |      913
       90 |     1431
       90 |     1674
       91 |      345
       91 |     1065
       91 |     1993
       91 |     2258
       92 |      356
       92 |      957
       92 |     1642
       92 |     1758
       93 |      214
       93 |      345
       93 |      665
       93 |     1292
       94 |      444
       94 |     1693
       94 |     2010
       94 |     2150
       95 |       78
       95 |     1208
       95 |     1825
       95 |     2086
       96 |      121
       96 |      440
       96 |      851
       96 |     2207
       97 |      284
       97 |      663
       97 |      862
       97 |     2252
       98 |      387
       98 |      428
       98 |     1998
       98 |     2294
       99 |       85
       99 |      447
       99 |      833
       99 |     2222
      100 |      995
      100 |     1034
      100 |     1114
      100 |     1170
      101 |      938
      101 |     1374
      101 |     1840
      101 |     2169
      102 |      778
      102 |     1312
      102 |     1533
      102 |     1586
      103 |       67
      103 |      797
      103 |      839
      103 |     2098
      104 |      914
      104 |     1199
      104 |     1548
      104 |     1614
      105 |      640
      105 |      876
      105 |     2119
      105 |     2380
      106 |       69
      106 |      827
      106 |      957
      106 |     1152
      107 |     1313
      107 |     1638
      107 |     1752
      107 |     1858
      108 |      165
      108 |      543
      108 |      612
      108 |     1685
      109 |      581
      109 |      804
      109 |     1905
      109 |     2120
      110 |      159
      110 |      493
      110 |      838
      110 |     2134
      111 |      529
      111 |      982
      111 |      984
      111 |     1082
      112 |       88
      112 |      320
      112 |      672
      112 |     1484
      113 |     1157
      113 |     1532
      113 |     1551
      113 |     2104
      114 |      429
      114 |     1171
      114 |     1338
      114 |     1960
      115 |       50
      115 |      201
      115 |      962
      115 |     1307
      116 |      719
      116 |      826
      116 |     1436
      116 |     2276
      117 |      325
      117 |     1335
      117 |     1645
      117 |     1653
      118 |      243
      118 |      715
      118 |     1678
      118 |     2315
      119 |      396
      119 |      800
      119 |     1057
      119 |     1501
      120 |     1494
      120 |     1811
      120 |     2070
      120 |     2242
      121 |      909
      121 |     1203
      121 |     1931
      121 |     2262
      122 |       97
      122 |      560
      122 |     2125
      122 |     2331
      123 |      422
      123 |      986
      123 |     1674
      123 |     1778
      124 |     1287
      124 |     1382
      124 |     1818
      124 |     2105
      125 |        4
      125 |      366
      125 |      757
      125 |     2144
      126 |      503
      126 |     1278
      126 |     1310
      126 |     1740
      127 |      582
      127 |      705
      127 |      726
      127 |     1869
      128 |      255
      128 |     1009
      128 |     1402
      128 |     1599
      129 |     1379
      129 |     1557
      129 |     1839
      129 |     2073
      130 |        4
      130 |      838
      130 |      995
      130 |     1559
      131 |      345
      131 |      400
      131 |      599
      131 |     2231
      132 |       56
      132 |      438
      132 |     1615
      132 |     2037
      133 |       92
      133 |      347
      133 |     1053
      133 |     1949
      134 |      545
      134 |      655
      134 |     1821
      134 |     1889
      135 |      555
      135 |     1522
      135 |     1757
      135 |     1992
      136 |       79
      136 |      888
      136 |     1173
      136 |     2136
      137 |      572
      137 |     1093
      137 |     1443
      137 |     1961
      138 |      171
      138 |      995
      138 |     1122
      138 |     1138
      139 |      872
      139 |      995
      139 |     1355
      139 |     1825
      140 |      155
      140 |      836
      140 |     1759
      140 |     1940
      141 |      508
      141 |     1152
      141 |     1421
      141 |     2126
      142 |      765
      142 |     1413
      142 |     1725
      142 |     2235
      143 |      121
      143 |      672
      143 |      757
      143 |     1200
      144 |      142
      144 |      810
      144 |      999
      144 |     2107
      145 |      543
      145 |      945
      145 |     1667
      145 |     1965
      146 |      262
      146 |      301
      146 |     1394
      146 |     1894
      147 |       73
      147 |      520
      147 |      853
      147 |     1357
      148 |      405
      148 |      695
      148 |      763
      148 |     1240
      149 |      226
      149 |     1563
      149 |     1689
      149 |     1908
      150 |      471
      150 |      957
      150 |     1624
      150 |     1864
      151 |      127
      151 |      562
      151 |      693
      151 |     1094
      152 |      676
      152 |      854
      152 |      973
      152 |     1218
      153 |      136
      153 |      166
      153 |      504
      153 |     1833
      154 |      275
      154 |      572
      154 |      913
      154 |     1275
      155 |      624
      155 |      709
      155 |     1550
      155 |     1819
      156 |      143
      156 |      355
      156 |      924
      156 |     1472
      157 |      419
      157 |     1024
      157 |     1734
      157 |     1898
      158 |       42
      158 |       81
      158 |      121
      158 |     1722
      159 |      226
      159 |      469
      159 |     1501
      159 |     2056
      160 |     1513
      160 |     1969
      160 |     1983
      160 |     2024
      161 |      338
      161 |      936
      161 |     1403
      161 |     1553
      162 |      734
      162 |     1021
      162 |     1296
      162 |     2119
      163 |      666
      163 |      742
      163 |     1580
      163 |     2367
      164 |      176
      164 |     1038
      164 |     1935
      164 |     2197
      165 |      110
      165 |      250
      165 |     1453
      165 |     1931
      166 |      229
      166 |      447
      166 |     1045
      166 |     2310
      167 |       59
      167 |     1009
      167 |     1093
      167 |     1825
      168 |      227
      168 |      856
      168 |     1375
      168 |     2218
      169 |     1031
      169 |     1248
      169 |     1326
      169 |     1816
      170 |      110
      170 |      543
      170 |     1350
      170 |     2044
      171 |      197
      171 |     1385
      171 |     2112
      171 |     2183
      172 |      331
      172 |     1350
      172 |     1352
      172 |     1541
      173 |      339
      173 |      710
      173 |     1414
      173 |     1629
      174 |      926
      174 |     1710
      174 |     1714
      174 |     1764
      175 |       24
      175 |      645
      175 |     1327
      175 |     2051
      176 |       48
      176 |      328
      176 |      460
      176 |      600
      177 |      922
      177 |     1504
      177 |     2144
      177 |     2327
      178 |      139
      178 |      371
      178 |     1265
      178 |     2167
      179 |      405
      179 |      526
      179 |      887
      179 |     2261
      180 |      406
      180 |      458
      180 |     1460
      180 |     1870
      181 |      523
      181 |      593
      181 |      702
      181 |     1018
      182 |      240
      182 |     1188
      182 |     1962
      182 |     2368
      183 |      374
      183 |      776
      183 |     1690
      183 |     2033
      184 |       13
      184 |       33
      184 |     2074
      184 |     2228
      185 |       95
      185 |      129
      185 |      183
      185 |     2202
      186 |      295
      186 |      325
      186 |      798
      186 |     2023
      187 |      569
      187 |      727
      187 |      963
      187 |     1060
      188 |      797
      188 |     1533
      188 |     1672
      188 |     1734
      189 |      171
      189 |      457
      189 |     1811
      189 |     2136
      190 |     1021
      190 |     1272
      190 |     1417
      190 |     1689
      191 |      640
      191 |      657
      191 |      825
      191 |     1564
      192 |      333
      192 |      790
      192 |      911
      192 |     1481
      193 |      257
      193 |      389
      193 |      875
      193 |     1175
      194 |       39
      194 |      467
      194 |     1219
      194 |     2087
      195 |     1122
      195 |     1489
      195 |     1867
      195 |     2169
      196 |      209
      196 |     1054
      196 |     1066
      196 |     1203
      197 |     1628
      197 |     1782
      197 |     1911
      197 |     2346
      198 |      133
      198 |      304
      198 |      918
      198 |     1683
      199 |      310
      199 |     1235
      199 |     1305
      199 |     1540
      200 |      118
      200 |      380
      200 |     1215
      200 |     1440
      201 |       56
      201 |     1038
      201 |     1876
      201 |     2183
      202 |      298
      202 |      651
      202 |     1156
      202 |     1588
      203 |      271
      203 |      857
      203 |     1195
      203 |     1770
      204 |       78
      204 |      561
      204 |      827
      204 |     1456
      205 |      560
      205 |      711
      205 |     1560
      205 |     2331
      206 |      207
      206 |      720
      206 |     1484
      206 |     2350
      207 |      122
      207 |      552
      207 |      847
      207 |     1808
      208 |      177
      208 |      454
      208 |      812
      208 |     1323
      209 |     1006
      209 |     1011
      209 |     1706
      209 |     2320
      210 |      202
      210 |      879
      210 |      880
      210 |     1353
      211 |       27
      211 |      380
      211 |     1240
      211 |     2063
      212 |      228
      212 |      946
      212 |     2029
      212 |     2106
      213 |       58
      213 |      566
      213 |     1068
      213 |     1715
      214 |       20
      214 |     1203
      214 |     1407
      214 |     2221
      215 |     1312
      215 |     1533
      215 |     1557
      215 |     1586
      216 |      737
      216 |     1049
      216 |     1726
      216 |     2034
      217 |      698
      217 |     1054
      217 |     1197
      217 |     1203
      218 |     1761
      218 |     1975
      218 |     2170
      218 |     2267
      219 |      184
      219 |      548
      219 |     1755
      219 |     2335
      220 |      222
      220 |     1050
      220 |     1051
      220 |     1191
      221 |     1258
      221 |     1296
      221 |     1442
      221 |     1874
      222 |      135
      222 |      163
      222 |     1222
      222 |     2393
      223 |      774
      223 |     1444
      223 |     1827
      223 |     2191
      224 |      110
      224 |      294
      224 |     1126
      224 |     1557
      225 |     1029
      225 |     1182
      225 |     1281
      225 |     1523
      226 |       98
      226 |      608
      226 |      952
      226 |     1299
      227 |      384
      227 |      745
      227 |     1423
      227 |     1564
      228 |      616
      228 |     1104
      228 |     1328
      228 |     1529
      229 |      489
      229 |     1163
      229 |     1407
      229 |     1881
      230 |      138
      230 |      878
      230 |     1067
      230 |     2088
      231 |      342
      231 |      662
      231 |      987
      231 |     1837
      232 |      521
      232 |     1442
      232 |     1920
      232 |     2006
      233 |       99
      233 |      807
      233 |     1063
      233 |     1686
      234 |      290
      234 |     1038
      234 |     1376
      234 |     2126
      235 |       56
      235 |      797
      235 |     1312
      235 |     1378
      236 |        6
      236 |      201
      236 |      699
      236 |     2361
      237 |     1012
      237 |     1077
      237 |     1158
      237 |     1537
      238 |      225
      238 |      270
      238 |     1148
      238 |     1729
      239 |      385
      239 |      533
      239 |     1529
      239 |     2297
      240 |     1120
      240 |     1707
      240 |     2260
      240 |     2348
      241 |       93
      241 |      514
      241 |      608
      241 |     2065
      242 |     1036
      242 |     1689
      242 |     1701
      242 |     1731
      243 |      545
      243 |      891
      243 |     1573
      243 |     1731
      244 |      577
      244 |     1658
      244 |     1855
      244 |     2226
      245 |      633
      245 |      699
      245 |     1749
      245 |     2151
      246 |      366
      246 |     1794
      246 |     1895
      246 |     1993
      247 |       55
      247 |      754
      247 |      855
      247 |     2283
      248 |      652
      248 |     1077
      248 |     1163
      248 |     2090
      249 |      190
      249 |      716
      249 |     1011
      249 |     1536
      250 |      241
      250 |      473
      250 |     2108
      250 |     2305
      251 |      480
      251 |      670
      251 |     2375
      251 |     2378
      252 |      619
      252 |     1428
      252 |     1970
      252 |     2229
      253 |      625
      253 |     1578
      253 |     1591
      253 |     1608
      254 |       81
      254 |      900
      254 |     1044
      254 |     1432
      255 |      521
      255 |     1600
      255 |     1750
      255 |     1841
      256 |      504
      256 |     1173
      256 |     1182
      256 |     2121
      257 |      416
      257 |     1030
      257 |     1046
      257 |     1685
      258 |      308
      258 |      636
      258 |      922
      258 |     1843
      259 |     1225
      259 |     1474
      259 |     1574
      259 |     1984
      260 |      106
      260 |      409
      260 |      865
      260 |     1857
      261 |      151
      261 |      483
      261 |      675
      261 |     1521
      262 |       82
      262 |     1158
      262 |     1938
      262 |     2046
      263 |       71
      263 |      235
      263 |      861
      263 |     1013
      264 |      106
      264 |      608
      264 |      830
      264 |     2204
      265 |       10
      265 |     1087
      265 |     1891
      265 |     2118
      266 |      573
      266 |     1119
      266 |     2101
      266 |     2104
      267 |      348
      267 |      986
      267 |     1858
      267 |     2292
      268 |      209
      268 |      434
      268 |      471
      268 |     2179
      269 |      875
      269 |     1964
      269 |     1993
      269 |     2218
      270 |      265
      270 |      626
      270 |     1505
      270 |     2390
      271 |       89
      271 |      110
      271 |     1931
      271 |     1961
      272 |     1446
      272 |     1554
      272 |     1973
      272 |     2367
      273 |        1
      273 |      142
      273 |     1404
      273 |     2010
      274 |      705
      274 |     1071
      274 |     1411
      274 |     1520
      275 |      407
      275 |     1141
      275 |     1220
      275 |     1653
      276 |      130
      276 |      675
      276 |     1038
      276 |     2301
      277 |     1404
      277 |     1563
      277 |     1716
      277 |     2027
      278 |      371
      278 |     1085
      278 |     1385
      278 |     1825
      279 |      605
      279 |     1080
      279 |     1732
      279 |     2135
      280 |       78
      280 |      372
      280 |      561
      280 |     1940
      281 |       59
      281 |      622
      281 |     1093
      281 |     1825
      282 |       78
      282 |      257
      282 |      716
      282 |      843
      283 |      131
      283 |      287
      283 |     1776
      283 |     2336
      284 |       29
      284 |      640
      284 |      682
      284 |     2377
      285 |      380
      285 |      459
      285 |      750
      285 |     1490
      286 |      461
      286 |      978
      286 |     1336
      286 |     1828
      287 |     1475
      287 |     1493
      287 |     1914
      287 |     2121
      288 |       82
      288 |      813
      288 |     2027
      288 |     2377
      289 |     1408
      289 |     1470
      289 |     2098
      289 |     2121
      290 |       13
      290 |      359
      290 |     1324
      290 |     1974
      291 |       41
      291 |      306
      291 |      828
      291 |     1476
      292 |      868
      292 |     1615
      292 |     2199
      292 |     2287
      293 |      222
      293 |     1011
      293 |     2281
      293 |     2292
      294 |       97
      294 |      294
      294 |     1090
      294 |     2033
      295 |      876
      295 |      941
      295 |     1714
      295 |     2371
      296 |      746
      296 |      759
      296 |     1479
      296 |     2063
      297 |      378
      297 |     1538
      297 |     1555
      297 |     2289
      298 |       56
      298 |      476
      298 |     1371
      298 |     2037
      299 |     1120
      299 |     1215
      299 |     1538
      299 |     1636
      300 |        3
      300 |      455
      300 |     2212
      300 |     2285
      301 |      222
      301 |     1915
      301 |     1971
      301 |     2231
      302 |      247
      302 |      726
      302 |      957
      302 |     1135
      303 |      611
      303 |     1107
      303 |     1208
      303 |     1231
      304 |       81
      304 |      276
      304 |      397
      304 |     2092
      305 |      305
      305 |      719
      305 |     1267
      305 |     1527
      306 |      572
      306 |      926
      306 |     1408
      306 |     2321
      307 |      366
      307 |     1672
      307 |     2018
      307 |     2143
      308 |      348
      308 |      579
      308 |      769
      308 |      918
      309 |      116
      309 |      831
      309 |      954
      309 |     1607
      310 |     1506
      310 |     1638
      310 |     1724
      310 |     2287
      311 |     1116
      311 |     1621
      311 |     1697
      311 |     2131
      312 |      363
      312 |     1409
      312 |     1994
      312 |     2356
      313 |     1037
      313 |     1183
      313 |     1928
      313 |     1953
      314 |      152
      314 |     1446
      314 |     1969
      314 |     2217
      315 |       50
      315 |      201
      315 |      962
      315 |     1876
      316 |      527
      316 |      544
      316 |     1054
      316 |     1091
      317 |      772
      317 |     1743
      317 |     1976
      317 |     2304
      318 |      518
      318 |      760
      318 |     1039
      318 |     1424
      319 |      111
      319 |      153
      319 |     1958
      319 |     2171
      320 |      555
      320 |     1131
      320 |     1522
      320 |     1757
      321 |      910
      321 |     1888
      321 |     2027
      321 |     2163
      322 |      950
      322 |     1233
      322 |     1793
      322 |     2117
      323 |      413
      323 |      429
      323 |      503
      323 |     2241
      324 |      125
      324 |      734
      324 |     1839
      324 |     2068
      325 |       59
      325 |     1710
      325 |     1900
      325 |     2099
      326 |      467
      326 |      555
      326 |      927
      326 |     1389
      327 |      742
      327 |      755
      327 |      962
      327 |     1174
      328 |      360
      328 |     1399
      328 |     1942
      328 |     2347
      329 |      285
      329 |      666
      329 |      690
      329 |     2383
      330 |      345
      330 |     1312
      330 |     1659
      330 |     1747
      331 |      903
      331 |     1281
      331 |     1802
      331 |     1995
      332 |      300
      332 |     1013
      332 |     1178
      332 |     1589
      333 |      795
      333 |      955
      333 |     1102
      333 |     1113
      334 |        3
      334 |      271
      334 |      364
      334 |      951
      335 |      931
      335 |     1208
      335 |     1346
      335 |     2014
      336 |      522
      336 |      999
      336 |     1826
      336 |     1850
      337 |      367
      337 |     1589
      337 |     2188
      337 |     2350
      338 |      850
      338 |     1702
      338 |     1834
      338 |     2128
      339 |      560
      339 |      722
      339 |      905
      339 |     1177
      340 |      203
      340 |      901
      340 |      981
      340 |     1244
      341 |      555
      341 |     1131
      341 |     1522
      341 |     1992
      342 |       56
      342 |      271
      342 |     1955
      342 |     2285
      343 |      352
      343 |      900
      343 |     1577
      343 |     2027
      344 |      178
      344 |      698
      344 |     1927
      344 |     2186
      345 |      616
      345 |     1129
      345 |     1138
      345 |     1738
      346 |      137
      346 |      699
      346 |     1467
      346 |     1941
      347 |      300
      347 |     2028
      347 |     2224
      347 |     2367
      348 |      757
      348 |      854
      348 |     1173
      348 |     1714
      349 |     1370
      349 |     1391
      349 |     1839
      349 |     2118
      350 |      163
      350 |      257
      350 |      863
      350 |     2251
      351 |      154
      351 |     1073
      351 |     1364
      351 |     1775
      352 |      854
      352 |     1173
      352 |     2083
      352 |     2188
      353 |      973
      353 |     1565
      353 |     2036
      353 |     2148
      354 |       59
      354 |     1108
      354 |     1200
      354 |     1654
      355 |      560
      355 |      722
      355 |     1565
      355 |     2331
      356 |      640
      356 |      827
      356 |     1722
      356 |     1835
      357 |      267
      357 |      756
      357 |      882
      357 |     2157
      358 |      198
      358 |      694
      358 |     1864
      358 |     2377
      359 |      305
      359 |      308
      359 |     1563
      359 |     2082
      360 |      257
      360 |     1010
      360 |     1978
      360 |     1983
      361 |      474
      361 |     1639
      361 |     1812
      361 |     1947
      362 |      205
      362 |      475
      362 |      822
      362 |     1963
      363 |      484
      363 |     1152
      363 |     1421
      363 |     2237
      364 |       59
      364 |       81
      364 |      117
      364 |     1093
      365 |     1350
      365 |     1358
      365 |     1691
      365 |     2221
      366 |      636
      366 |      771
      366 |      977
      366 |     2048
      367 |      447
      367 |      539
      367 |     1045
      367 |     1048
      368 |      230
      368 |      546
      368 |     2078
      368 |     2122
      369 |       81
      369 |     1432
      369 |     1624
      369 |     1720
      370 |      410
      370 |      808
      370 |     1779
      370 |     2309
      371 |      375
      371 |     1216
      371 |     1754
      371 |     2259
      372 |     1072
      372 |     1559
      372 |     1879
      372 |     2388
      373 |     1475
      373 |     1838
      373 |     2077
      373 |     2218
      374 |      130
      374 |      742
      374 |     1881
      374 |     2038
      375 |      290
      375 |      434
      375 |      629
      375 |     2073
      376 |      213
      376 |      778
      376 |     1278
      376 |     1864
      377 |      417
      377 |      484
      377 |     1122
      377 |     1386
      378 |       71
      378 |      395
      378 |     1502
      378 |     1967
      379 |      126
      379 |      500
      379 |     1387
      379 |     1501
      380 |       40
      380 |      190
      380 |      658
      380 |     2195
      381 |       54
      381 |      562
      381 |      646
      381 |      965
      382 |      257
      382 |     1308
      382 |     1385
      382 |     2280
      383 |      195
      383 |      982
      383 |     1246
      383 |     2045
      384 |      471
      384 |      653
      384 |     1215
      384 |     1362
      385 |      115
      385 |      448
      385 |     1798
      385 |     1891
      386 |      643
      386 |      953
      386 |     1577
      386 |     1679
      387 |      873
      387 |     1111
      387 |     1244
      387 |     2085
      388 |      137
      388 |      776
      388 |     2207
      388 |     2266
      389 |      789
      389 |      935
      389 |     1078
      389 |     1993
      390 |      673
      390 |     1637
      390 |     2007
      390 |     2152
      391 |      550
      391 |      885
      391 |      947
      391 |     2020
      392 |      503
      392 |      787
      392 |     1687
      392 |     1961
      393 |      657
      393 |      711
      393 |     2082
      393 |     2125
      394 |      654
      394 |      968
      394 |     1086
      394 |     1781
      395 |      525
      395 |     1111
      395 |     1244
      395 |     2181
      396 |       92
      396 |     2015
      396 |     2154
      396 |     2220
      397 |       70
      397 |      483
      397 |      735
      397 |     1258
      398 |      288
      398 |      767
      398 |     1084
      398 |     2253
      399 |     1228
      399 |     1368
      399 |     1856
      399 |     2024
      400 |     1102
      400 |     1556
      400 |     2027
      400 |     2276
      401 |      365
      401 |     1175
      401 |     1493
      401 |     1616
      402 |      120
      402 |      617
      402 |      634
      402 |     1630
      403 |      108
      403 |      591
      403 |      915
      403 |     2169
      404 |       28
      404 |       42
      404 |      401
      404 |     2394
      405 |      167
      405 |      513
      405 |     1383
      405 |     2085
      406 |      437
      406 |      811
      406 |     1101
      406 |     2154
      407 |      843
      407 |     1122
      407 |     2115
      407 |     2158
      408 |      402
      408 |      439
      408 |     1061
      408 |     2039
      409 |      854
      409 |      973
      409 |     1093
      409 |     1218
      410 |      391
      410 |      614
      410 |      649
      410 |     1419
      411 |      246
      411 |      677
      411 |     1315
      411 |     1980
      412 |       91
      412 |      869
      412 |     1615
      412 |     2287
      413 |      200
      413 |     1047
      413 |     1673
      413 |     2254
      414 |      100
      414 |     1405
      414 |     1896
      414 |     2249
      415 |      898
      415 |     1329
      415 |     1717
      415 |     1769
      416 |      181
      416 |      829
      416 |     1279
      416 |     2329
      417 |      737
      417 |     1694
      417 |     2025
      417 |     2152
      418 |      721
      418 |      742
      418 |     1803
      418 |     2260
      419 |       50
      419 |      201
      419 |      962
      419 |     1983
      420 |      171
      420 |      657
      420 |     1326
      420 |     2325
      421 |      349
      421 |      442
      421 |      776
      421 |     2260
      422 |      802
      422 |     1241
      422 |     1771
      422 |     1829
      423 |      274
      423 |      449
      423 |     1719
      423 |     2033
      424 |      540
      424 |     1123
      424 |     1453
      424 |     1960
      425 |      130
      425 |      351
      425 |      429
      425 |     1491
      426 |      272
      426 |      514
      426 |      776
      426 |     1091
      427 |      572
      427 |     1252
      427 |     1544
      427 |     1717
      428 |       67
      428 |      589
      428 |      864
      428 |     2083
      429 |      256
      429 |      741
      429 |     1401
      429 |     1862
      430 |      403
      430 |     1410
      430 |     2096
      430 |     2273
      431 |      715
      431 |      801
      431 |      990
      431 |     1354
      432 |      115
      432 |     1140
      432 |     1408
      432 |     2167
      433 |      251
      433 |      514
      433 |      587
      433 |     1326
      434 |     1038
      434 |     1376
      434 |     1758
      434 |     2126
      435 |       74
      435 |      237
      435 |     1250
      435 |     1760
      436 |      285
      436 |      544
      436 |      720
      436 |     1692
      437 |      600
      437 |      653
      437 |     1304
      437 |     1719
      438 |      704
      438 |     1542
      438 |     1560
      438 |     1922
      439 |      222
      439 |     1050
      439 |     1551
      439 |     1875
      440 |      425
      440 |      477
      440 |     1649
      440 |     1788
      441 |       82
      441 |      308
      441 |      639
      441 |     1564
      442 |      463
      442 |      838
      442 |     1069
      442 |     2260
      443 |      101
      443 |      155
      443 |     1040
      443 |     1492
      444 |      639
      444 |     1263
      444 |     2136
      444 |     2159
      445 |      546
      445 |      777
      445 |      939
      445 |     1393
      446 |      491
      446 |      535
      446 |      813
      446 |     1582
      447 |       94
      447 |      728
      447 |     1960
      447 |     1985
      448 |      492
      448 |      723
      448 |     1847
      448 |     1989
      449 |     1095
      449 |     1631
      449 |     2013
      449 |     2238
      450 |      231
      450 |      772
      450 |     1722
      450 |     2214
      451 |       78
      451 |      372
      451 |      561
      451 |     1562
      452 |      233
      452 |     1032
      452 |     1306
      452 |     1385
      453 |      192
      453 |      957
      453 |      980
      453 |     1172
      454 |      130
      454 |      351
      454 |      429
      454 |     1491
      455 |      746
      455 |      747
      455 |     2081
      455 |     2245
      456 |      315
      456 |     1017
      456 |     1447
      456 |     1831
      457 |      365
      457 |     1209
      457 |     1639
      457 |     2218
      458 |      474
      458 |      996
      458 |     1440
      458 |     1506
      459 |     1046
      459 |     1244
      459 |     1281
      459 |     1626
      460 |      995
      460 |     2125
      460 |     2264
      460 |     2357
      461 |     1376
      461 |     1431
      461 |     1457
      461 |     1493
      462 |      361
      462 |      594
      462 |      859
      462 |     2002
      463 |     1174
      463 |     2219
      463 |     2225
      463 |     2241
      464 |       83
      464 |      269
      464 |     1234
      464 |     2256
      465 |      481
      465 |     1340
      465 |     1665
      465 |     2004
      466 |       78
      466 |      257
      466 |      716
      466 |     2017
      467 |      855
      467 |      875
      467 |     1881
      467 |     1906
      468 |     1385
      468 |     1887
      468 |     1897
      468 |     1929
      469 |      317
      469 |      805
      469 |     1296
      469 |     2060
      470 |       79
      470 |      474
      470 |     1034
      470 |     1810
      471 |      855
      471 |     1794
      471 |     2221
      471 |     2231
      472 |       90
      472 |      299
      472 |     1805
      472 |     2148
      473 |       62
      473 |      413
      473 |      855
      473 |     1880
      474 |       50
      474 |      201
      474 |      962
      474 |     1307
      475 |      200
      475 |      457
      475 |     1431
      475 |     2316
      476 |      244
      476 |     1344
      476 |     1580
      476 |     1640
      477 |       57
      477 |      482
      477 |      613
      477 |     1668
      478 |      932
      478 |     1342
      478 |     1772
      478 |     1968
      479 |      541
      479 |      883
      479 |     1288
      479 |     2239
      480 |       14
      480 |      657
      480 |      993
      480 |     1439
      481 |        6
      481 |       82
      481 |      401
      481 |     1327
      482 |      827
      482 |     1049
      482 |     1245
      482 |     2037
      483 |      512
      483 |      855
      483 |     1190
      483 |     2030
      484 |      196
      484 |      641
      484 |     1427
      484 |     1981
      485 |       24
      485 |     1523
      485 |     1592
      485 |     1706
      486 |     1698
      486 |     1740
      486 |     1955
      486 |     2132
      487 |      465
      487 |      906
      487 |     1062
      487 |     2211
      488 |      566
      488 |     1196
      488 |     1471
      488 |     1935
      489 |      136
      489 |      785
      489 |      808
      489 |     1568
      490 |     1264
      490 |     1480
      490 |     1545
      490 |     1575
      491 |      368
      491 |     1039
      491 |     1424
      491 |     1830
      492 |       82
      492 |     1941
      492 |     2077
      492 |     2231
      493 |      479
      493 |      719
      493 |     1014
      493 |     2141
      494 |      249
      494 |      513
      494 |      746
      494 |     1007
      495 |     1105
      495 |     1197
      495 |     1372
      495 |     1400
      496 |     1184
      496 |     1568
      496 |     2116
      496 |     2213
      497 |      562
      497 |      572
      497 |      898
      497 |     1568
      498 |     1142
      498 |     1539
      498 |     1653
      498 |     1742
      499 |      429
      499 |      900
      499 |      958
      499 |     1300
      500 |      294
      500 |      343
      500 |     1237
      500 |     1872
      501 |     1072
      501 |     1524
      501 |     1879
      501 |     2388
      502 |     1126
      502 |     1602
      502 |     1742
      502 |     2217
      503 |        9
      503 |      962
      503 |     1986
      503 |     2175
      504 |      414
      504 |      519
      504 |      754
      504 |     1564
      505 |       37
      505 |      814
      505 |     1120
      505 |     2275
      506 |      849
      506 |      896
      506 |     2049
      506 |     2058
      507 |      247
      507 |     1050
      507 |     1108
      507 |     1593
      508 |      222
      508 |      998
      508 |     1252
      508 |     1662
      509 |      665
      509 |      875
      509 |     1709
      509 |     2362
      510 |      365
      510 |      527
      510 |     1691
      510 |     2370
      511 |      114
      511 |      959
      511 |     2230
      511 |     2319
      512 |      726
      512 |     1002
      512 |     1186
      512 |     2065
      513 |       60
      513 |      726
      513 |     1538
      513 |     1576
      514 |      287
      514 |      405
      514 |     1145
      514 |     1395
      515 |      542
      515 |      851
      515 |     1331
      515 |     2027
      516 |      188
      516 |      665
      516 |      768
      516 |     1622
      517 |      757
      517 |     1122
      517 |     1278
      517 |     1462
      518 |     1296
      518 |     1301
      518 |     1580
      518 |     2306
      519 |      152
      519 |     1446
      519 |     1969
      519 |     2190
      520 |      320
      520 |      413
      520 |     1064
      520 |     2102
      521 |      642
      521 |      734
      521 |     1333
      521 |     2031
      522 |      598
      522 |      657
      522 |     1140
      522 |     1254
      523 |      162
      523 |     1367
      523 |     1718
      523 |     1817
      524 |      785
      524 |      819
      524 |     1865
      524 |     1969
      525 |      346
      525 |     1577
      525 |     1683
      525 |     1899
      526 |      815
      526 |     1465
      526 |     1517
      526 |     1605
      527 |       67
      527 |      161
      527 |     1184
      527 |     1407
      528 |      147
      528 |     1015
      528 |     1159
      528 |     2101
      529 |       20
      529 |      457
      529 |     1019
      529 |     1050
      530 |      381
      530 |     1169
      530 |     1247
      530 |     1564
      531 |       65
      531 |     1439
      531 |     1828
      531 |     2207
      532 |      245
      532 |      426
      532 |     1594
      532 |     2097
      533 |      210
      533 |      806
      533 |     1758
      533 |     2231
      534 |      130
      534 |      534
      534 |     1197
      534 |     1546
      535 |      170
      535 |      620
      535 |      638
      535 |      739
      536 |      285
      536 |      356
      536 |      512
      536 |     2050
      537 |      607
      537 |     1038
      537 |     1145
      537 |     1464
      538 |     1244
      538 |     1273
      538 |     1758
      538 |     2181
      539 |       63
      539 |     1166
      539 |     1458
      539 |     1915
      540 |      472
      540 |     2040
      540 |     2265
      540 |     2372
      541 |      242
      541 |      472
      541 |     1379
      541 |     1455
      542 |     1589
      542 |     1828
      542 |     2188
      542 |     2392
      543 |      874
      543 |     1224
      543 |     1355
      543 |     2093
      544 |      234
      544 |      737
      544 |     1309
      544 |     1796
      545 |      249
      545 |      521
      545 |      530
      545 |     1960
      546 |     1122
      546 |     1129
      546 |     1239
      546 |     1468
      547 |      934
      547 |      947
      547 |     1274
      547 |     1806
      548 |      476
      548 |     1672
      548 |     2018
      548 |     2143
      549 |      842
      549 |      875
      549 |     1306
      549 |     2039
      550 |      770
      550 |      971
      550 |      975
      550 |     1846
      551 |      288
      551 |      304
      551 |      826
      551 |     1723
      552 |       61
      552 |      443
      552 |     1122
      552 |     1695
      553 |      544
      553 |      839
      553 |     1669
      553 |     1889
      554 |      507
      554 |      668
      554 |      743
      554 |     2074
      555 |      169
      555 |      227
      555 |      908
      555 |     1003
      556 |      659
      556 |      824
      556 |     1106
      556 |     1732
      557 |     1122
      557 |     1436
      557 |     1457
      557 |     1561
      558 |      356
      558 |      792
      558 |     1352
      558 |     1897
      559 |      734
      559 |     1312
      559 |     1612
      559 |     1876
      560 |       38
      560 |     1573
      560 |     1706
      560 |     2320
      561 |       40
      561 |      190
      561 |     2193
      561 |     2195
      562 |      870
      562 |      897
      562 |     2008
      562 |     2141
      563 |      269
      563 |      773
      563 |     1167
      563 |     2311
      564 |      236
      564 |      435
      564 |     1134
      564 |     1912
      565 |      447
      565 |     1208
      565 |     1378
      565 |     2391
      566 |      727
      566 |      889
      566 |     1126
      566 |     1580
      567 |       58
      567 |      566
      567 |     1112
      567 |     1715
      568 |      431
      568 |      955
      568 |     1084
      568 |     1966
      569 |       29
      569 |      471
      569 |     1238
      569 |     2069
      570 |      328
      570 |      818
      570 |     1663
      570 |     2313
      571 |      485
      571 |     1638
      571 |     2034
      571 |     2079
      572 |      674
      572 |      712
      572 |     1348
      572 |     1441
      573 |      366
      573 |      985
      573 |     1858
      573 |     2112
      574 |        9
      574 |       42
      574 |     1666
      574 |     1903
      575 |      351
      575 |     1807
      575 |     1889
      575 |     2212
      576 |     1030
      576 |     1350
      576 |     1388
      576 |     1534
      577 |      442
      577 |      957
      577 |     1152
      577 |     1848
      578 |      123
      578 |      727
      578 |     1081
      578 |     2014
      579 |      854
      579 |      973
      579 |     1218
      579 |     1581
      580 |      362
      580 |     1129
      580 |     1259
      580 |     2136
      581 |      816
      581 |     1302
      581 |     1445
      581 |     1727
      582 |      390
      582 |      977
      582 |     1869
      582 |     1950
      583 |      615
      583 |      713
      583 |     1254
      583 |     1791
      584 |      485
      584 |      696
      584 |     1449
      584 |     1790
      585 |      514
      585 |     1563
      585 |     1581
      585 |     1954
      586 |       79
      586 |      423
      586 |      563
      586 |     2155
      587 |      727
      587 |      838
      587 |     1217
      587 |     1766
      588 |      750
      588 |      876
      588 |     1487
      588 |     1562
      589 |     1011
      589 |     1801
      589 |     2086
      589 |     2248
      590 |      103
      590 |     1498
      590 |     1744
      590 |     1814
      591 |       49
      591 |      344
      591 |      580
      591 |      948
      592 |       51
      592 |     1560
      592 |     1677
      592 |     1954
      593 |       49
      593 |      173
      593 |     1951
      593 |     2169
      594 |        1
      594 |     1266
      594 |     1268
      594 |     1932
      595 |      474
      595 |      983
      595 |     1034
      595 |     1738
      596 |      222
      596 |     1145
      596 |     1977
      596 |     2184
      597 |      592
      597 |      682
      597 |     1172
      597 |     1397
      598 |      843
      598 |     2287
      598 |     2359
      598 |     2364
      599 |      683
      599 |     1075
      599 |     1610
      599 |     1773
      600 |      474
      600 |      672
      600 |     1563
      600 |     1613
      601 |       81
      601 |      121
      601 |     1664
      601 |     1687
      602 |      382
      602 |      829
      602 |     1532
      602 |     2016
      603 |      826
      603 |     1945
      603 |     2040
      603 |     2062
      604 |      457
      604 |      481
      604 |      537
      604 |     2041
      605 |     1260
      605 |     1339
      605 |     1420
      605 |     1904
      606 |      332
      606 |      793
      606 |     1174
      606 |     1786
      607 |      291
      607 |      854
      607 |     1121
      607 |     2075
      608 |     1058
      608 |     1436
      608 |     1609
      608 |     2209
      609 |      140
      609 |      350
      609 |     1450
      609 |     1651
      610 |     1143
      610 |     1249
      610 |     1356
      610 |     2000
      611 |      345
      611 |     1089
      611 |     1661
      611 |     1744
      612 |      329
      612 |      660
      612 |     1762
      612 |     1882
      613 |      674
      613 |      846
      613 |     1034
      613 |     2225
      614 |      386
      614 |      514
      614 |     1848
      614 |     1990
      615 |      271
      615 |     1070
      615 |     1764
      615 |     2283
      616 |       13
      616 |      419
      616 |     1690
      616 |     1892
      617 |      340
      617 |      399
      617 |      949
      617 |     2091
      618 |      144
      618 |      923
      618 |     1102
      618 |     2327
      619 |     1258
      619 |     1485
      619 |     1615
      619 |     2311
      620 |     1005
      620 |     1273
      620 |     2098
      620 |     2167
      621 |        8
      621 |      392
      621 |      557
      621 |      916
      622 |      270
      622 |      420
      622 |     1027
      622 |     1415
      623 |     1016
      623 |     1294
      623 |     1458
      624 |      216
      624 |     1739
      624 |     2277
      624 |     2291
      625 |      246
      625 |      621
      625 |      794
      625 |     1980
      626 |      102
      626 |      270
      626 |      384
      626 |      457
      627 |      666
      627 |      677
      627 |     1580
      627 |     2179
      628 |      279
      628 |      432
      628 |     2095
      628 |     2379
      629 |      144
      629 |      604
      629 |     2001
      629 |     2104
      630 |      960
      630 |     1408
      630 |     1979
      630 |     2167
      631 |      148
      631 |      366
      631 |      871
      631 |     1385
      632 |      308
      632 |     1014
      632 |     1124
      632 |     2082
      633 |      357
      633 |     1429
      633 |     1587
      633 |     2052
      634 |      418
      634 |      866
      634 |     1290
      634 |     1486
      635 |      238
      635 |     1189
      635 |     2282
      635 |     2369
      636 |        6
      636 |      609
      636 |     1638
      636 |     2281
      637 |     1201
      637 |     1385
      637 |     1750
      637 |     2085
      638 |      577
      638 |      608
      638 |     1940
      638 |     2169
      639 |      799
      639 |      840
      639 |     1570
      639 |     1909
      640 |      119
      640 |      506
      640 |     1765
      640 |     2243
      641 |       30
      641 |      413
      641 |      456
      641 |     1568
      642 |      919
      642 |      928
      642 |      966
      642 |     2168
      643 |      539
      643 |      570
      643 |     1244
      643 |     2320
      644 |       46
      644 |      179
      644 |      595
      644 |      627
      645 |      730
      645 |     1025
      645 |     1844
      645 |     1884
      646 |      551
      646 |     1074
      646 |     1917
      646 |     1987
      647 |      227
      647 |      300
      647 |     1589
      647 |     2053
      648 |       53
      648 |      445
      648 |      782
      648 |     2269
      649 |      461
      649 |     1000
      649 |     1845
      649 |     2373
      650 |     1080
      650 |     1223
      650 |     1874
      650 |     2011
      651 |      104
      651 |      417
      651 |     2012
      651 |     2018
      652 |      956
      652 |     1253
      652 |     1525
      652 |     1828
      653 |      521
      653 |      567
      653 |      617
      653 |     1011
      654 |       23
      654 |      644
      654 |      903
      654 |     1912
      655 |      258
      655 |      307
      655 |     1643
      655 |     2286
      656 |      277
      656 |      577
      656 |      757
      656 |     2143
      657 |       26
      657 |      220
      657 |     1380
      657 |     2382
      658 |      917
      658 |     1137
      658 |     1891
      658 |     2118
      659 |      158
      659 |     1560
      659 |     2054
      659 |     2156
      660 |      334
      660 |      671
      660 |     1262
      660 |     1845
      661 |     1092
      661 |     1406
      661 |     1592
      661 |     2281
      662 |       51
      662 |      252
      662 |      600
      662 |     1072
      663 |      527
      663 |     1117
      663 |     1848
      663 |     2085
      664 |      365
      664 |      680
      664 |     1392
      664 |     1916
      665 |       77
      665 |     1530
      665 |     1896
      665 |     2234
      666 |      716
      666 |      731
      666 |     1192
      666 |     1803
      667 |      201
      667 |      269
      667 |     1595
      667 |     2230
      668 |      354
      668 |      648
      668 |      726
      668 |     1839
      669 |      726
      669 |     1276
      669 |     1757
      669 |     2030
      670 |      376
      670 |      592
      670 |      995
      670 |     2040
      671 |      411
      671 |     1136
      671 |     1210
      671 |     2142
      672 |       49
      672 |      470
      672 |     2077
      672 |     2169
      673 |      132
      673 |     1247
      673 |     1590
      673 |     2030
      674 |      564
      674 |     1108
      674 |     1537
      674 |     2352
      675 |       71
      675 |     1685
      675 |     2065
      675 |     2331
      676 |      133
      676 |      415
      676 |      535
      676 |      691
      677 |     1160
      677 |     1596
      677 |     2195
      677 |     2232
      678 |      318
      678 |     1948
      678 |     2365
      678 |     2391
      679 |      253
      679 |     1056
      679 |     1735
      679 |     1753
      680 |      141
      680 |     1425
      680 |     1736
      680 |     2344
      681 |      854
      681 |      973
      681 |     1093
      681 |     1218
      682 |     1079
      682 |     1680
      682 |     1947
      682 |     2361
      683 |      270
      683 |     1510
      683 |     1677
      683 |     2270
      684 |      894
      684 |     1098
      684 |     1948
      684 |     2067
      685 |     1052
      685 |     1093
      685 |     1568
      685 |     1776
      686 |      219
      686 |      411
      686 |     1270
      686 |     2018
      687 |     1495
      687 |     2138
      687 |     2326
      687 |     2353
      688 |       80
      688 |      544
      688 |     1203
      688 |     1499
      689 |      471
      689 |      969
      689 |     1226
      689 |     1907
      690 |        4
      690 |      820
      690 |      843
      690 |     2144
      691 |      718
      691 |     1176
      691 |     1500
      691 |     1992
      692 |      970
      692 |     1877
      692 |     1988
      692 |     2216
      693 |       10
      693 |      411
      693 |      716
      693 |      858
      694 |      303
      694 |     1374
      694 |     1819
      694 |     1873
      695 |     1099
      695 |     1100
      695 |     1624
      695 |     1809
      696 |      409
      696 |      589
      696 |      661
      696 |      835
      697 |      910
      697 |     1776
      697 |     2027
      697 |     2158
      698 |      204
      698 |      796
      698 |     1008
      698 |     1518
      699 |      988
      699 |     1022
      699 |     1341
      699 |     2081
      700 |      335
      700 |      904
      700 |      937
      700 |     1437
      701 |       31
      701 |     1258
      701 |     1560
      701 |     1751
      702 |       82
      702 |      354
      702 |      726
      702 |     1509
      703 |      130
      703 |      988
      703 |     1673
      703 |     1996
      704 |       45
      704 |      441
      704 |     1580
      704 |     1626
      705 |      246
      705 |      380
      705 |     1682
      705 |     2066
      706 |       15
      706 |      113
      706 |      724
      706 |     1822
      707 |       56
      707 |       67
      707 |     1277
      707 |     2076
      708 |     1058
      708 |     1145
      708 |     1296
      708 |     1674
      709 |       78
      709 |      330
      709 |     1750
      709 |     2066
      710 |     1018
      710 |     1457
      710 |     2212
      710 |     2298
      711 |       58
      711 |      566
      711 |     1068
      711 |     1715
      712 |      302
      712 |      834
      712 |     1347
      712 |     1913
      713 |        1
      713 |     1863
      713 |     2039
      713 |     2237
      714 |     1035
      714 |     1627
      714 |     1644
      714 |     2354
      715 |      763
      715 |     2085
      715 |     2167
      715 |     2342
      716 |      717
      716 |      960
      716 |     1580
      716 |     1787
      717 |      321
      717 |     1127
      717 |     1711
      717 |     2288
      718 |      156
      718 |      735
      718 |     1488
      718 |     2386
      719 |      201
      719 |      778
      719 |     2040
      719 |     2207
      720 |      234
      720 |     1011
      720 |     2281
      720 |     2292
      721 |      106
      721 |      544
      721 |      830
      721 |     2152
      722 |      684
      722 |      989
      722 |     1125
      722 |     1177
      723 |      326
      723 |      525
      723 |     1111
      723 |     1244
      724 |      628
      724 |      686
      724 |     1647
      724 |     1861
      725 |      430
      725 |      456
      725 |     1242
      725 |     1282
      726 |       11
      726 |      417
      726 |     1453
      726 |     2018
      727 |      556
      727 |     1728
      727 |     1878
      727 |     2099
      728 |      157
      728 |      483
      728 |     1044
      728 |     1920
      729 |     1103
      729 |     1173
      729 |     1407
      729 |     1980
      730 |      667
      730 |      895
      730 |     1418
      730 |     1684
      731 |     1011
      731 |     1408
      731 |     2253
      731 |     2389
      732 |     1511
      732 |     1513
      732 |     2024
      732 |     2082
      733 |     1174
      733 |     1303
      733 |     1774
      733 |     1959
      734 |      471
      734 |     1646
      734 |     2019
      734 |     2367
      735 |       25
      735 |      600
      735 |     1194
      735 |     1677
      736 |      222
      736 |      706
      736 |      959
      736 |     1278
      737 |      255
      737 |      528
      737 |      748
      737 |     1815
      738 |       19
      738 |      843
      738 |      995
      738 |     1794
      739 |      757
      739 |      776
      739 |     1482
      739 |     1586
      740 |       40
      740 |     1574
      740 |     1801
      740 |     2022
      741 |       64
      741 |     1536
      741 |     2094
      741 |     2374
      742 |      942
      742 |     1007
      742 |     2188
      742 |     2338
      743 |     1033
      743 |     1670
      743 |     1767
      743 |     2279
      744 |       91
      744 |     1081
      744 |     1170
      744 |     2221
      745 |       96
      745 |     1377
      745 |     1778
      745 |     2206
      746 |      509
      746 |     1030
      746 |     1378
      746 |     1895
      747 |      427
      747 |      451
      747 |      510
      747 |     1623
      748 |     1337
      748 |     1363
      748 |     1442
      748 |     1948
      749 |      538
      749 |     1161
      749 |     2208
      749 |     2358
      750 |      217
      750 |      699
      750 |      791
      750 |     2063
      751 |      121
      751 |      364
      751 |      531
      751 |     1525
      752 |      515
      752 |     1625
      752 |     1999
      752 |     2250
      753 |      336
      753 |      384
      753 |     1876
      753 |     2212
      754 |        4
      754 |      438
      754 |     1125
      754 |     1295
      755 |      497
      755 |     1398
      755 |     1434
      755 |     1789
      756 |      681
      756 |      944
      756 |     1378
      756 |     1504
      757 |      751
      757 |     1151
      757 |     1341
      757 |     1925
      758 |      647
      758 |     1617
      758 |     1799
      758 |     2021
      759 |      656
      759 |      688
      759 |     2039
      759 |     2340
      760 |      726
      760 |     1714
      760 |     1952
      760 |     2258
      761 |      740
      761 |     1456
      761 |     2223
      761 |     2327
      762 |      109
      762 |      221
      762 |      371
      762 |     1764
      763 |      856
      763 |     1705
      763 |     1851
      763 |     2012
      764 |       58
      764 |      738
      764 |     1776
      764 |     2085
      765 |      269
      765 |     1960
      765 |     2059
      765 |     2205
      766 |      286
      766 |      558
      766 |      584
      766 |      715
      767 |       91
      767 |      909
      767 |     1903
      767 |     2005
      768 |      608
      768 |      776
      768 |     1699
      768 |     2005
      769 |       34
      769 |     1359
      769 |     1496
      769 |     1712
      770 |      300
      770 |     1507
      770 |     1611
      770 |     2149
      771 |      110
      771 |      533
      771 |     1931
      771 |     2301
      772 |      215
      772 |     1284
      772 |     1992
      772 |     2306
      773 |      305
      773 |      424
      773 |      737
      773 |     1875
      774 |      250
      774 |     1109
      774 |     1179
      774 |     1292
      775 |      886
      775 |     1564
      775 |     1730
      775 |     1993
      776 |      163
      776 |      754
      776 |     1222
      776 |     1355
      777 |      150
      777 |      606
      777 |      997
      777 |     2100
      778 |      117
      778 |     1377
      778 |     1756
      778 |     1991
      779 |      453
      779 |      821
      779 |     1632
      779 |     1780
      780 |      761
      780 |      977
      780 |     1185
      780 |     1507
      781 |     1088
      781 |     1120
      781 |     1980
      781 |     2227
      782 |       16
      782 |      872
      782 |     1305
      782 |     2352
      783 |       70
      783 |      194
      783 |     1528
      783 |     1838
      784 |      174
      784 |      337
      784 |     1274
      784 |     1435
      785 |     1054
      785 |     1153
      785 |     1267
      785 |     1293
      786 |      471
      786 |      494
      786 |     1483
      786 |     1705
      787 |      442
      787 |      775
      787 |     1710
      787 |     2331
      788 |      189
      788 |      585
      788 |     1212
      788 |     1574
      789 |     1111
      789 |     1244
      789 |     1349
      789 |     2029
      790 |     1084
      790 |     1378
      790 |     1568
      790 |     2323
      791 |      124
      791 |     1613
      791 |     1701
      791 |     1706
      792 |       11
      792 |      700
      792 |     1858
      792 |     2245
      793 |      278
      793 |      448
      793 |     1584
      793 |     2281
      794 |     1390
      794 |     1601
      794 |     2071
      794 |     2328
      795 |      448
      795 |      544
      795 |     1388
      795 |     2042
      796 |      603
      796 |      687
      796 |     1158
      796 |     1620
      797 |      224
      797 |      757
      797 |      795
      797 |     2384
      798 |       42
      798 |       44
      798 |     1097
      798 |     2098
      799 |      282
      799 |     1454
      799 |     1971
      799 |     1980
      800 |      607
      800 |     1513
      800 |     1969
      800 |     2024
      801 |      206
      801 |     1459
      801 |     1918
      801 |     2143
      802 |      384
      802 |      549
      802 |     1093
      802 |     1485
      803 |     1165
      803 |     1381
      803 |     2041
      803 |     2165
      804 |      261
      804 |      310
      804 |     1152
      804 |     2185
      805 |       62
      805 |     1023
      805 |     1203
      805 |     2255
      806 |      200
      806 |      726
      806 |     1021
      806 |     1656
      807 |     1278
      807 |     1288
      807 |     1385
      807 |     1890
      808 |     1251
      808 |     1742
      808 |     1770
      808 |     1889
      809 |       75
      809 |      553
      809 |      607
      809 |     2387
      810 |      522
      810 |     2155
      810 |     2160
      810 |     2210
      811 |     1042
      811 |     1198
      811 |     1257
      811 |     2233
      812 |      877
      812 |     1512
      812 |     2034
      812 |     2115
      813 |      860
      813 |      887
      813 |     1115
      813 |     1537
      814 |      408
      814 |     1140
      814 |     2172
      814 |     2385
      815 |      299
      815 |      328
      815 |     1740
      815 |     2037
      816 |       55
      816 |      161
      816 |      273
      816 |     2231
      817 |       35
      817 |      187
      817 |     1384
      817 |     2110
      818 |      308
      818 |      590
      818 |      839
      818 |     1469
      819 |     1478
      819 |     1553
      819 |     2032
      819 |     2176
      820 |      281
      820 |      678
      820 |     1451
      820 |     2215
      821 |      314
      821 |      725
      821 |      785
      821 |     1933
      822 |      273
      822 |      280
      822 |     1432
      822 |     2161
      823 |        1
      823 |      980
      823 |     1800
      823 |     1972
      824 |     1986
      824 |     2139
      824 |     2337
      824 |     2349
      825 |       58
      825 |       97
      825 |      839
      825 |     2077
      826 |       68
      826 |      382
      826 |      554
      826 |     1452
      827 |      999
      827 |     1560
      827 |     2072
      827 |     2341
      828 |      718
      828 |     1028
      828 |     1297
      828 |     2009
      829 |      287
      829 |     1777
      829 |     2336
      829 |     2340
      830 |      313
      830 |      788
      830 |     1675
      830 |     1853
      831 |      488
      831 |      967
      831 |     1566
      831 |     2195
      832 |     1413
      832 |     1725
      832 |     1832
      832 |     2235
      833 |      544
      833 |      758
      833 |     1484
      833 |     1672
      834 |      172
      834 |     1102
      834 |     1311
      834 |     1430
      835 |     1278
      835 |     1947
      835 |     2359
      835 |     2376
      836 |      712
      836 |      841
      836 |     1155
      836 |     1985
      837 |      145
      837 |     1360
      837 |     1448
      837 |     1473
      838 |      912
      838 |     1244
      838 |     1438
      838 |     2026
      839 |      867
      839 |     1335
      839 |     1558
      839 |     1763
      840 |      269
      840 |      732
      840 |      976
      840 |     1885
      841 |     1058
      841 |     1281
      841 |     1436
      841 |     2209
      842 |     1079
      842 |     1350
      842 |     1386
      842 |     1598
      843 |       90
      843 |      436
      843 |     1458
      843 |     1819
      844 |       43
      844 |      462
      844 |      899
      844 |     2268
      845 |      182
      845 |      438
      845 |     1776
      845 |     2231
      846 |      200
      846 |     1412
      846 |     1452
      846 |     2231
      847 |      312
      847 |     1118
      847 |     1547
      847 |     2302
      848 |      105
      848 |      505
      848 |     1262
      848 |     1369
      849 |      263
      849 |     1926
      849 |     2183
      849 |     2272
      850 |      322
      850 |     1255
      850 |     2015
      850 |     2192
      851 |      128
      851 |     1075
      851 |     1433
      851 |     2333
      852 |       91
      852 |      925
      852 |     1803
      852 |     1825
      853 |      757
      853 |     1093
      853 |     1848
      853 |     2237
      854 |     1515
      854 |     1764
      854 |     1961
      854 |     2337
      855 |      459
      855 |      481
      855 |      537
      855 |     1881
      856 |      574
      856 |      979
      856 |     1921
      856 |     2061
      857 |      341
      857 |      757
      857 |     1083
      857 |     1737
      858 |      381
      858 |      511
      858 |     1309
      858 |     1348
      859 |      786
      859 |      933
      859 |     1366
      859 |     1622
      860 |     1215
      860 |     1230
      860 |     1571
      860 |     1881
      861 |      259
      861 |      468
      861 |      933
      861 |      964
      862 |      862
      862 |     1289
      862 |     1733
      862 |     2339
      863 |       42
      863 |      153
      863 |      955
      863 |     1665
      864 |      848
      864 |     1174
      864 |     2080
      864 |     2169
      865 |      512
      865 |      642
      865 |     1579
      865 |     1897
      866 |      630
      866 |      962
      866 |     1641
      866 |     2145
      867 |      697
      867 |      699
      867 |     1708
      867 |     1897
      868 |      707
      868 |      728
      868 |     1314
      868 |     2090
      869 |     1413
      869 |     1832
      869 |     2003
      869 |     2235
      870 |     1038
      870 |     1581
      870 |     2085
      870 |     2113
      871 |      208
      871 |      664
      871 |     1426
      871 |     1597
      872 |       21
      872 |      809
      872 |     1804
      872 |     2201
      873 |     1218
      873 |     1312
      873 |     1316
      873 |     1854
      874 |      105
      874 |      476
      874 |     1343
      874 |     1878
      875 |      160
      875 |      566
      875 |      783
      875 |     1901
      876 |     1011
      876 |     1247
      876 |     1583
      876 |     1823
      877 |      213
      877 |      746
      877 |     1503
      877 |     1997
      878 |     1537
      878 |     1885
      878 |     2217
      878 |     2375
      879 |        1
      879 |      380
      879 |      685
      879 |     2344
      880 |      607
      880 |     1030
      880 |     1350
      880 |     1388
      881 |      817
      881 |     1110
      881 |     1633
      881 |     1634
      882 |       17
      882 |     1253
      882 |     1345
      882 |     2257
      883 |      130
      883 |      417
      883 |      734
      883 |     1457
      884 |       59
      884 |       72
      884 |      366
      884 |     2299
      885 |      213
      885 |     1059
      885 |     1654
      885 |     1923
      886 |      297
      886 |      514
      886 |      776
      886 |     2284
      887 |      514
      887 |      708
      887 |      797
      887 |     2055
      888 |      373
      888 |      524
      888 |     1164
      888 |     1778
      889 |      421
      889 |     1671
      889 |     2196
      889 |     2366
      890 |      271
      890 |     1292
      890 |     1674
      890 |     2082
      891 |      309
      891 |      353
      891 |      369
      891 |     1271
      892 |      394
      892 |      406
      892 |     1638
      892 |     1820
      893 |      458
      893 |     1543
      893 |     1993
      893 |     2173
      894 |      379
      894 |     1236
      894 |     1982
      894 |     2293
      895 |        7
      895 |     1795
      895 |     1859
      895 |     2195
      896 |       32
      896 |      572
      896 |      766
      896 |     1585
      897 |     1568
      897 |     1811
      897 |     1849
      897 |     2375
      898 |      292
      898 |      490
      898 |      753
      898 |     1020
      899 |      160
      899 |      737
      899 |      929
      899 |     1783
      900 |       12
      900 |      366
      900 |     2300
      900 |     2324
      901 |      388
      901 |     1204
      901 |     1506
      901 |     1523
      902 |      393
      902 |     1214
      902 |     1866
      902 |     2312
      903 |       47
      903 |      571
      903 |      962
      903 |     1239
      904 |      305
      904 |      424
      904 |      737
      904 |      776
      905 |     1175
      905 |     1828
      905 |     2077
      905 |     2200
      906 |     1092
      906 |     1596
      906 |     1712
      906 |     2029
      907 |      266
      907 |      516
      907 |      568
      907 |      901
      908 |      328
      908 |      672
      908 |     1170
      908 |     2317
      909 |      448
      909 |     1416
      909 |     1836
      909 |     2322
      910 |       67
      910 |      561
      910 |      716
      910 |     2125
      911 |      823
      911 |     1619
      911 |     1947
      911 |     2046
      912 |      293
      912 |      501
      912 |     1179
      912 |     1815
      913 |      586
      913 |     1477
      913 |     1576
      913 |     1660
      914 |       36
      914 |      319
      914 |     2189
      914 |     2236
      915 |     1618
      915 |     2030
      915 |     2133
      915 |     2355
      916 |     1606
      916 |     1852
      916 |     1886
      916 |     2274
      917 |      193
      917 |      973
      917 |     1784
      917 |     2195
      918 |      254
      918 |      283
      918 |     1146
      918 |     1939
      919 |      537
      919 |     1269
      919 |     1612
      919 |     2012
      920 |      452
      920 |     1317
      920 |     1626
      920 |     2140
      921 |      657
      921 |     1171
      921 |     2301
      921 |     2303
      922 |      412
      922 |      852
      922 |     1721
      922 |     2043
      923 |     1181
      923 |     1638
      923 |     1761
      923 |     1778
      924 |      495
      924 |     1207
      924 |     1379
      924 |     1408
      925 |      712
      925 |      844
      925 |     1075
      925 |     1433
      926 |       69
      926 |      447
      926 |      539
      926 |     1045
      927 |      296
      927 |      398
      927 |     1758
      927 |     1937
      928 |     1019
      928 |     1102
      928 |     1306
      928 |     2330
      929 |      248
      929 |     1080
      929 |     1325
      929 |     2182
      930 |      168
      930 |     1441
      930 |     1934
      930 |     2198
      931 |      289
      931 |      881
      931 |     1193
      931 |     1449
      932 |      251
      932 |      635
      932 |      772
      932 |     1221
      933 |      667
      933 |      767
      933 |      871
      933 |     1067
      934 |      463
      934 |      623
      934 |      892
      934 |     2043
      935 |      781
      935 |      832
      935 |     1213
      935 |     1603
      936 |      164
      936 |      474
      936 |     1406
      936 |     1947
      937 |      268
      937 |      536
      937 |     1187
      937 |     2180
      938 |      207
      938 |      408
      938 |      735
      938 |     1930
      939 |      642
      939 |      843
      939 |     1154
      939 |     1202
      940 |      328
      940 |     1436
      940 |     1674
      940 |     1750
      941 |      958
      941 |     1173
      941 |     1268
      941 |     1332
      942 |      447
      942 |      539
      942 |     1045
      942 |     2174
      943 |       86
      943 |     1741
      943 |     1957
      943 |     2346
      944 |      524
      944 |     1572
      944 |     2086
      944 |     2092
      945 |      466
      945 |      515
      945 |      555
      945 |     1285
      946 |        5
      946 |      701
      946 |      779
      946 |     1713
      947 |       43
      947 |      519
      947 |     1308
      947 |     2109
      948 |     1373
      948 |     1531
      948 |     1910
      948 |     2123
      949 |      211
      949 |      703
      949 |     2089
      949 |     2153
      950 |     1648
      950 |     1696
      950 |     2178
      950 |     2194
      951 |      264
      951 |      404
      951 |      486
      951 |     1232
      952 |      328
      952 |      650
      952 |     1320
      952 |     1770
      953 |      379
      953 |     1236
      953 |     1982
      953 |     2293
      954 |      487
      954 |      884
      954 |     1716
      954 |     2001
      955 |      459
      955 |      589
      955 |     1715
      955 |     1769
      956 |      285
      956 |     1669
      956 |     1693
      956 |     1778
      957 |       84
      957 |     1449
      957 |     2111
      957 |     2345
      958 |      597
      958 |     1385
      958 |     1674
      958 |     2065
      959 |       91
      959 |      311
      959 |      682
      959 |     1838
      960 |      130
      960 |      845
      960 |     1278
      960 |     2334
      961 |      720
      961 |     1321
      961 |     1776
      961 |     2046
      962 |      431
      962 |      559
      962 |      679
      962 |     2145
      963 |      442
      963 |     1158
      963 |     1764
      963 |     2333
      964 |      112
      964 |     1149
      964 |     2114
      964 |     2244
      965 |      994
      965 |     1635
      965 |     1730
      965 |     2240
      966 |      107
      966 |      632
      966 |     1497
      966 |     1507
      967 |     1646
      967 |     1808
      967 |     2084
      967 |     2363
      968 |       13
      968 |      271
      968 |     1351
      968 |     2343
      969 |      907
      969 |     1205
      969 |     1396
      969 |     2103
      970 |      417
      970 |      917
      970 |     1303
      970 |     2119
      971 |       66
      971 |      736
      971 |     2187
      971 |     2278
      972 |       58
      972 |      377
      972 |     1785
      972 |     1849
      973 |     1471
      973 |     1535
      973 |     1883
      973 |     2375
      974 |      212
      974 |      920
      974 |      974
      974 |     1144
      975 |      450
      975 |      762
      975 |      921
      975 |     2381
      976 |      186
      976 |      498
      976 |      824
      976 |     1676
      977 |      222
      977 |      331
      977 |     1243
      977 |     1645
      978 |      972
      978 |     1180
      978 |     1516
      978 |     1765
      979 |      669
      979 |     1439
      979 |     2044
      979 |     2046
      980 |      180
      980 |      596
      980 |      692
      980 |     1652
      981 |      953
      981 |     1322
      981 |     2130
      981 |     2307
      982 |      358
      982 |      900
      982 |     1011
      982 |     1254
      983 |      105
      983 |     1280
      983 |     1330
      983 |     1641
      984 |      532
      984 |      991
      984 |     1422
      984 |     1856
      985 |      223
      985 |      263
      985 |     1041
      985 |     1745
      986 |      689
      986 |      780
      986 |     1092
      986 |     1586
      987 |       18
      987 |       22
      987 |      281
      987 |     1604
      988 |     1224
      988 |     1556
      988 |     2203
      988 |     2308
      989 |      631
      989 |      893
      989 |     1139
      989 |     1211
      990 |       76
      990 |     1258
      990 |     1893
      990 |     2387
      991 |      865
      991 |     1944
      991 |     1983
      991 |     2057
      992 |      803
      992 |     1526
      992 |     1567
      992 |     1746
      993 |      316
      993 |      746
      993 |     1461
      993 |     2376
      994 |      327
      994 |     1155
      994 |     1176
      994 |     1704
      995 |      486
      995 |     1463
      995 |     1519
      995 |     2295
      996 |      218
      996 |      320
      996 |      818
      996 |      858
      997 |      323
      997 |     1291
      997 |     1748
      997 |     2351
      998 |      565
      998 |      784
      998 |     1001
      998 |     1365
      999 |        2
      999 |      719
      999 |     1004
      999 |     1096
     1000 |      253
     1000 |      383
     1000 |      955
     1000 |     1229
(3999 rows)

