 movie_id | genre_id 
----------+----------
        1 |        3
        1 |        8
        1 |       17
        2 |        4
        2 |        8
        2 |       17
        3 |        1
        3 |        5
        4 |        6
        4 |        7
        4 |       18
        5 |        3
        5 |        8
        5 |       12
        6 |        3
        6 |        8
        6 |       12
        7 |        7
        7 |       13
        7 |       14
        8 |        7
        9 |        3
        9 |        8
        9 |       19
       10 |        8
       10 |       11
       10 |       13
       11 |        6
       11 |        8
       11 |       12
       12 |       10
       12 |       13
       12 |       19
       13 |        3
       13 |        8
       13 |       17
       14 |        7
       14 |        8
       14 |       18
       15 |        3
       15 |        7
       15 |       13
       16 |        7
       16 |        8
       16 |       18
       17 |       10
       17 |       13
       17 |       19
       18 |        3
       18 |        5
       19 |       13
       19 |       19
       20 |        4
       20 |       13
       20 |       17
       21 |        5
       21 |        8
       21 |       13
       22 |       13
       23 |        1
       23 |        9
       23 |       13
       24 |        7
       24 |        8
       24 |       18
       25 |        3
       25 |        8
       25 |       17
       26 |        7
       27 |        3
       27 |        8
       27 |       13
       28 |        1
       28 |        5
       29 |        7
       30 |        3
       30 |        8
       30 |       13
       31 |        7
       32 |        5
       32 |       13
       33 |        3
       33 |        8
       33 |       17
       34 |        3
       34 |        7
       34 |        8
       35 |        1
       35 |        3
       35 |       17
       36 |        3
       36 |        8
       36 |       17
       37 |        8
       37 |       13
       37 |       17
       38 |        3
       38 |        8
       38 |       12
       39 |        3
       39 |        8
       39 |       15
       40 |        7
       40 |       13
       41 |        7
       41 |        8
       41 |       18
       42 |       13
       43 |        1
       44 |       10
       44 |       13
       44 |       19
       45 |       13
       46 |        3
       46 |        8
       46 |       12
       47 |        5
       47 |       13
       48 |        8
       48 |       12
       48 |       13
       49 |        3
       49 |        8
       49 |       17
       50 |       13
       51 |        3
       51 |        8
       51 |       12
       52 |        3
       52 |        8
       52 |       12
       53 |        7
       53 |       13
       54 |        3
       54 |        5
       54 |        9
       55 |        3
       55 |        9
       55 |       13
       56 |        8
       56 |       10
       56 |       13
       57 |        1
       57 |        5
       57 |        9
       58 |       11
       58 |       13
       59 |        7
       59 |       11
       59 |       13
       60 |       13
       60 |       19
       61 |        3
       61 |        8
       61 |       17
       62 |        1
       62 |        4
       62 |        5
       63 |        4
       63 |        9
       63 |       13
       64 |        5
       64 |       11
       64 |       13
       65 |        4
       65 |       13
       65 |       17
       66 |        3
       66 |        7
       66 |        8
       67 |        5
       67 |       10
       67 |       13
       68 |        3
       68 |        8
       68 |       17
       69 |       13
       70 |        3
       70 |        5
       70 |       13
       71 |       10
       71 |       13
       72 |        3
       72 |       11
       72 |       13
       73 |       12
       73 |       13
       74 |       11
       74 |       13
       75 |        7
       75 |        8
       75 |       18
       76 |        3
       76 |        8
       76 |       12
       77 |        3
       77 |       17
       78 |        8
       78 |       13
       78 |       20
       79 |        3
       79 |        8
       79 |       12
       80 |        3
       80 |        7
       80 |       12
       81 |        3
       81 |        8
       81 |       17
       82 |        7
       82 |       13
       83 |        7
       83 |        9
       83 |       19
       84 |        4
       84 |        9
       84 |       13
       85 |        3
       85 |        5
       85 |        9
       86 |        3
       86 |        8
       86 |       17
       87 |        9
       87 |       13
       88 |        3
       88 |        8
       88 |       12
       89 |        4
       89 |        9
       89 |       13
       90 |        3
       90 |        9
       90 |       13
       91 |        4
       91 |        9
       91 |       13
       92 |        3
       92 |        8
       92 |       12
       93 |       13
       94 |        7
       94 |        9
       94 |       13
       95 |        3
       95 |        8
       95 |       17
       96 |        3
       96 |        7
       96 |        9
       97 |       12
       97 |       13
       97 |       18
       98 |        1
       98 |        4
       98 |       17
       99 |        4
       99 |        5
       99 |       13
      100 |        5
      100 |        9
      100 |       13
      101 |        9
      101 |       13
      101 |       19
      102 |        3
      102 |        8
      102 |       12
      103 |        8
      103 |       13
      103 |       17
      104 |        4
      104 |        5
      104 |        9
      105 |        3
      105 |        7
      105 |        8
      106 |        5
      106 |        9
      106 |       13
      107 |        7
      108 |        3
      108 |        8
      108 |       13
      109 |       13
      110 |        4
      110 |       13
      110 |       17
      111 |        1
      111 |        3
      111 |        5
      112 |       10
      112 |       13
      112 |       19
      113 |       11
      113 |       17
      114 |        3
      114 |       12
      114 |       20
      115 |        8
      115 |       12
      115 |       13
      116 |        7
      117 |        1
      117 |        5
      118 |        3
      118 |       13
      118 |       19
      119 |        1
      119 |        4
      119 |       13
      120 |        7
      120 |        8
      120 |       18
      121 |        6
      121 |        8
      121 |       13
      122 |        4
      122 |        8
      122 |       17
      123 |        7
      123 |        8
      123 |       11
      124 |        3
      125 |        3
      125 |        5
      126 |        6
      126 |        8
      126 |       13
      127 |        3
      127 |        8
      127 |       17
      128 |        4
      128 |        8
      128 |        9
      129 |        6
      129 |        7
      129 |       16
      130 |        5
      130 |        8
      130 |       13
      131 |       13
      132 |        7
      132 |        8
      132 |       13
      133 |        1
      133 |        5
      133 |       13
      134 |       13
      134 |       14
      135 |        3
      135 |        5
      135 |        9
      136 |        5
      136 |        9
      136 |       13
      137 |        5
      137 |        9
      137 |       13
      138 |       11
      138 |       13
      139 |        4
      139 |        5
      140 |        4
      140 |        5
      140 |       15
      141 |        3
      141 |        8
      141 |       17
      142 |        6
      142 |        7
      143 |        7
      143 |       13
      143 |       19
      144 |       13
      145 |       13
      145 |       15
      146 |        4
      146 |       11
      146 |       13
      147 |        7
      147 |       13
      148 |        3
      148 |        4
      148 |       13
      149 |        7
      150 |        3
      150 |        8
      150 |        9
      151 |        6
      151 |        8
      151 |       12
      152 |        5
      152 |        8
      152 |       17
      153 |       13
      154 |        3
      154 |        9
      154 |       13
      155 |        1
      155 |        4
      155 |       13
      156 |        1
      156 |        3
      156 |       17
      157 |        3
      157 |        8
      157 |       17
      158 |        7
      158 |       11
      158 |       13
      159 |        3
      159 |        7
      159 |       12
      160 |        3
      160 |        4
      160 |        7
      161 |        5
      161 |       20
      162 |        3
      162 |        7
      162 |        9
      163 |        3
      163 |        8
      163 |       17
      164 |        3
      164 |        8
      164 |        9
      165 |        3
      165 |        5
      165 |        8
      166 |       11
      166 |       12
      166 |       13
      167 |        3
      167 |        7
      167 |        8
      168 |       10
      168 |       13
      168 |       19
      169 |        3
      169 |       10
      169 |       13
      170 |        3
      170 |        5
      170 |        8
      171 |        5
      171 |        9
      171 |       13
      172 |        6
      172 |        8
      172 |       18
      173 |        1
      173 |        8
      174 |       11
      174 |       13
      174 |       17
      175 |        7
      175 |        8
      175 |       18
      176 |        3
      176 |        6
      176 |        8
      177 |        3
      177 |        8
      177 |       13
      178 |        3
      178 |        7
      179 |        1
      179 |        4
      179 |        5
      180 |        3
      180 |        7
      180 |        8
      181 |        7
      181 |       11
      182 |        1
      182 |        4
      183 |        6
      183 |       12
      183 |       13
      184 |       17
      185 |        5
      185 |       13
      186 |       11
      186 |       13
      187 |       13
      187 |       20
      188 |        1
      188 |       12
      188 |       13
      189 |        9
      189 |       13
      190 |        7
      190 |       11
      190 |       13
      191 |       11
      191 |       13
      192 |       13
      193 |        9
      193 |       10
      193 |       13
      194 |        1
      194 |        5
      194 |       17
      195 |        2
      195 |        3
      195 |       13
      196 |        3
      196 |        8
      196 |       17
      197 |        5
      197 |        9
      197 |       13
      198 |        8
      198 |       13
      198 |       19
      199 |        5
      199 |       13
      199 |       19
      200 |        3
      200 |        7
      200 |        9
      201 |        3
      201 |        8
      201 |       17
      202 |        1
      202 |       12
      202 |       13
      203 |        5
      203 |       13
      203 |       19
      204 |        3
      204 |        8
      204 |       17
      205 |        3
      205 |        4
      205 |        8
      206 |        3
      206 |        8
      206 |       17
      207 |        1
      207 |       13
      208 |        7
      208 |       11
      208 |       13
      209 |        7
      209 |       11
      210 |        1
      210 |        5
      210 |       13
      211 |        3
      211 |        8
      211 |       13
      212 |       13
      213 |        3
      213 |        8
      213 |       17
      214 |        3
      214 |        4
      214 |       13
      215 |        3
      215 |        8
      215 |       12
      216 |        3
      216 |        8
      216 |       12
      217 |        3
      217 |        8
      217 |       17
      218 |        3
      218 |        7
      218 |        8
      219 |        1
      219 |       13
      220 |        3
      220 |        7
      221 |        3
      221 |        8
      221 |       17
      222 |        7
      222 |        8
      222 |       18
      223 |        1
      223 |        4
      224 |        4
      224 |        9
      224 |       13
      225 |        7
      225 |        9
      226 |       13
      227 |        7
      227 |       11
      227 |       13
      228 |        3
      228 |        8
      228 |       17
      229 |        3
      229 |        6
      229 |        8
      230 |        1
      230 |        5
      230 |       17
      231 |       12
      231 |       13
      231 |       20
      232 |        5
      232 |        9
      232 |       13
      233 |        3
      233 |        8
      233 |       13
      234 |        3
      234 |        5
      234 |        8
      235 |        3
      235 |        8
      235 |       13
      236 |       11
      236 |       13
      237 |       10
      237 |       13
      237 |       19
      238 |        1
      238 |        5
      238 |       13
      239 |        7
      239 |        8
      239 |       13
      240 |        3
      240 |        8
      240 |       11
      241 |        3
      241 |       13
      241 |       20
      242 |        7
      242 |        8
      242 |       18
      243 |        7
      243 |        8
      243 |       18
      244 |        3
      244 |        8
      244 |       17
      245 |        6
      245 |        8
      245 |       12
      246 |       11
      246 |       13
      246 |       16
      247 |        5
      247 |       13
      247 |       17
      248 |        7
      248 |       13
      249 |        3
      249 |        7
      249 |        9
      250 |        7
      250 |       13
      250 |       19
      251 |        7
      251 |       11
      251 |       13
      252 |        5
      252 |       13
      253 |       10
      253 |       13
      253 |       19
      254 |        3
      254 |        8
      254 |       17
      255 |        1
      255 |        4
      255 |        5
      256 |        7
      257 |        3
      257 |        8
      257 |       17
      258 |        3
      258 |       13
      258 |       17
      259 |        1
      260 |        5
      260 |       13
      261 |        7
      261 |       11
      261 |       13
      262 |        5
      262 |       13
      263 |        7
      263 |       13
      264 |       13
      265 |        3
      265 |        7
      265 |        8
      266 |        1
      266 |        5
      266 |       13
      267 |        7
      268 |       13
      268 |       17
      269 |        3
      269 |        8
      269 |       17
      270 |        1
      271 |        3
      271 |        5
      271 |        8
      272 |        8
      272 |       12
      273 |        3
      273 |        7
      273 |        9
      274 |        7
      274 |       13
      274 |       14
      275 |        7
      275 |        8
      275 |       18
      276 |        3
      276 |        4
      276 |        8
      277 |        3
      277 |        7
      277 |        9
      278 |        9
      278 |       10
      278 |       13
      279 |        7
      280 |        3
      280 |        8
      280 |       17
      281 |        4
      281 |        5
      281 |        9
      282 |        3
      282 |        8
      282 |        9
      283 |        5
      284 |       11
      284 |       13
      284 |       19
      285 |        3
      285 |        8
      286 |        3
      286 |       12
      287 |        3
      287 |        7
      288 |        3
      288 |        8
      288 |       17
      289 |        3
      289 |        7
      289 |        9
      290 |        5
      291 |        1
      291 |        3
      291 |       13
      292 |        7
      292 |       11
      292 |       14
      293 |        7
      294 |       13
      295 |        3
      295 |        8
      295 |       12
      296 |       11
      296 |       13
      297 |        7
      297 |        8
      297 |       18
      298 |        7
      298 |       13
      299 |        9
      299 |       13
      299 |       19
      300 |       10
      300 |       13
      301 |        3
      301 |        5
      301 |        9
      302 |        3
      302 |       13
      302 |       19
      303 |        1
      304 |        7
      304 |       11
      305 |        7
      305 |       11
      306 |        7
      306 |        9
      306 |       13
      307 |        6
      307 |        8
      307 |       12
      308 |        5
      308 |        9
      308 |       13
      309 |        3
      309 |        5
      309 |        9
      310 |        7
      310 |       11
      311 |        2
      311 |       13
      311 |       19
      312 |       11
      312 |       13
      313 |        1
      313 |       13
      314 |        8
      314 |       12
      315 |        6
      315 |        8
      315 |       12
      316 |        3
      316 |       13
      316 |       17
      317 |        3
      317 |        8
      317 |       17
      318 |        1
      318 |        3
      319 |        1
      319 |        5
      319 |        7
      320 |        3
      320 |        5
      320 |        9
      321 |        9
      321 |       13
      321 |       14
      322 |       13
      323 |        3
      323 |        5
      323 |        9
      324 |        3
      324 |        5
      324 |       17
      325 |       13
      325 |       19
      326 |        3
      326 |        8
      326 |       12
      327 |        1
      327 |       13
      327 |       17
      328 |        7
      328 |       13
      328 |       19
      329 |        1
      329 |        5
      329 |        9
      330 |        4
      330 |        9
      330 |       13
      331 |        7
      331 |        8
      331 |       18
      332 |        3
      332 |       13
      332 |       19
      333 |       13
      333 |       19
      334 |       10
      334 |       13
      334 |       19
      335 |        3
      335 |       13
      335 |       19
      336 |        1
      336 |       12
      336 |       13
      337 |        7
      337 |       11
      337 |       13
      338 |        2
      338 |       13
      339 |       11
      339 |       13
      340 |        7
      340 |       11
      341 |        3
      341 |        5
      341 |        9
      342 |        3
      342 |        9
      342 |       13
      343 |        3
      343 |        5
      343 |       13
      344 |        6
      344 |        8
      344 |       12
      345 |        3
      345 |        8
      346 |        3
      346 |        8
      346 |       11
      347 |        6
      347 |        8
      347 |       12
      348 |        9
      348 |       13
      349 |        1
      349 |        7
      350 |        7
      350 |       11
      350 |       12
      351 |       13
      352 |       13
      353 |        7
      353 |       13
      354 |        7
      354 |       11
      354 |       13
      355 |        5
      355 |        8
      355 |       17
      356 |        3
      356 |        8
      356 |       12
      357 |        7
      357 |       13
      358 |       11
      358 |       13
      358 |       19
      359 |        7
      359 |       12
      360 |        7
      360 |       12
      360 |       13
      361 |        7
      362 |        1
      362 |        5
      363 |        3
      363 |        8
      363 |       17
      364 |        1
      364 |        7
      364 |        8
      365 |        4
      365 |        7
      366 |       13
      367 |        8
      367 |       12
      367 |       13
      368 |        2
      368 |       13
      369 |        3
      369 |        8
      370 |        3
      370 |        8
      370 |       13
      371 |        3
      371 |       13
      371 |       17
      372 |        3
      372 |        4
      372 |       17
      373 |        3
      373 |        9
      373 |       13
      374 |        3
      374 |        9
      374 |       12
      375 |        7
      375 |       13
      375 |       19
      376 |        3
      376 |        5
      376 |        9
      377 |        9
      377 |       13
      377 |       19
      378 |        2
      378 |       13
      379 |        7
      379 |        8
      379 |       13
      380 |        3
      380 |        5
      380 |        8
      381 |        1
      381 |        7
      381 |       12
      382 |        2
      382 |       13
      383 |        1
      383 |        5
      384 |        5
      384 |       10
      384 |       13
      385 |        3
      385 |        8
      385 |       18
      386 |        3
      386 |        8
      386 |       13
      387 |        3
      387 |        6
      387 |        7
      388 |        3
      388 |        8
      388 |       13
      389 |        3
      389 |        8
      389 |       17
      390 |        3
      390 |        8
      390 |       17
      391 |        3
      391 |        7
      392 |        3
      392 |        9
      392 |       13
      393 |       13
      393 |       19
      394 |        7
      394 |       11
      395 |        7
      396 |       11
      396 |       12
      396 |       13
      397 |        3
      397 |        8
      397 |       17
      398 |        7
      399 |        7
      399 |       17
      400 |        7
      400 |       13
      401 |        3
      401 |        8
      401 |       18
      402 |        1
      403 |        3
      403 |        9
      403 |       19
      404 |        7
      404 |        8
      404 |       18
      405 |       11
      405 |       13
      406 |        4
      406 |        5
      406 |       13
      407 |        5
      407 |       10
      407 |       13
      408 |        7
      408 |        8
      408 |       18
      409 |        3
      409 |        8
      409 |       17
      410 |        7
      410 |        8
      411 |        3
      411 |        5
      412 |        7
      412 |       14
      413 |        7
      413 |        8
      413 |       18
      414 |        5
      414 |        9
      414 |       13
      415 |        3
      415 |        8
      415 |        9
      416 |        1
      416 |        7
      416 |       13
      417 |       13
      418 |        4
      418 |       11
      418 |       13
      419 |        6
      419 |        8
      419 |       12
      420 |       13
      421 |        3
      421 |        5
      421 |       13
      422 |       13
      423 |        1
      423 |        3
      423 |       11
      424 |        3
      424 |       12
      424 |       13
      425 |        3
      425 |        9
      425 |       13
      426 |       11
      426 |       12
      426 |       13
      427 |        3
      427 |        5
      427 |        9
      428 |        3
      428 |        4
      428 |        5
      429 |        1
      429 |        4
      429 |        5
      430 |        1
      430 |        3
      430 |       17
      431 |        7
      431 |       13
      432 |        7
      433 |        1
      433 |        3
      433 |        8
      434 |        3
      434 |        5
      434 |        8
      435 |        3
      435 |        9
      435 |       13
      436 |        7
      436 |        9
      436 |       13
      437 |       11
      437 |       13
      438 |        5
      438 |       13
      439 |        3
      439 |        7
      439 |        9
      440 |        7
      441 |        6
      441 |        8
      441 |       12
      442 |       11
      442 |       13
      443 |        6
      443 |       12
      443 |       18
      444 |       11
      444 |       13
      445 |        5
      446 |        1
      446 |        4
      446 |        8
      447 |        3
      447 |       17
      448 |        7
      448 |        8
      448 |       13
      449 |        3
      449 |        8
      449 |       18
      450 |        1
      450 |       13
      451 |        3
      451 |        8
      451 |       17
      452 |        7
      452 |       13
      453 |        1
      453 |        3
      453 |        4
      454 |        3
      454 |        5
      455 |        3
      455 |        8
      455 |       17
      456 |       13
      457 |        7
      457 |       11
      457 |       13
      458 |        7
      458 |        9
      459 |        7
      459 |       11
      460 |       11
      460 |       13
      461 |        5
      461 |        9
      461 |       13
      462 |        1
      462 |        4
      462 |        5
      463 |       13
      463 |       19
      464 |        4
      464 |       13
      464 |       17
      465 |        6
      465 |        7
      465 |        8
      466 |        3
      466 |        8
      466 |        9
      467 |        3
      467 |        4
      467 |        9
      468 |        4
      468 |        5
      469 |        3
      469 |        5
      469 |       17
      470 |        3
      470 |        7
      470 |        9
      471 |        9
      471 |       13
      471 |       19
      472 |       10
      472 |       13
      472 |       19
      473 |        3
      473 |        8
      473 |       17
      474 |        6
      474 |        8
      474 |       12
      475 |       10
      475 |       13
      475 |       19
      476 |        7
      476 |       13
      476 |       19
      477 |        5
      477 |       13
      478 |        1
      478 |        5
      479 |       13
      480 |       13
      480 |       20
      481 |        7
      481 |       11
      481 |       13
      482 |       11
      482 |       13
      482 |       17
      483 |        3
      483 |        9
      483 |       13
      484 |        7
      484 |       13
      485 |        3
      485 |        8
      485 |       18
      486 |        7
      486 |        8
      486 |       13
      487 |        6
      487 |        7
      487 |       13
      488 |        5
      488 |       11
      488 |       13
      489 |        7
      489 |        9
      489 |       13
      490 |        6
      490 |        7
      490 |       18
      491 |        1
      491 |       13
      491 |       17
      492 |        3
      492 |        8
      492 |       13
      493 |        1
      493 |        3
      493 |       17
      494 |        2
      494 |        3
      494 |        9
      495 |        1
      495 |       13
      495 |       17
      496 |        1
      496 |       13
      496 |       17
      497 |        3
      497 |        7
      497 |        8
      498 |        4
      498 |        5
      498 |       17
      499 |        5
      499 |        9
      499 |       13
      500 |        7
      500 |        8
      500 |       18
      501 |        3
      501 |        5
      501 |       17
      502 |       11
      502 |       13
      503 |        5
      503 |        9
      503 |       13
      504 |        7
      504 |       13
      504 |       14
      505 |       11
      505 |       12
      505 |       13
      506 |        5
      506 |        9
      506 |       13
      507 |        5
      507 |        9
      507 |       13
      508 |        7
      508 |       11
      508 |       13
      509 |        7
      509 |       11
      510 |        5
      510 |       13
      510 |       17
      511 |       13
      511 |       20
      512 |        3
      512 |        9
      512 |       13
      513 |        5
      513 |       17
      514 |        1
      514 |        8
      514 |       13
      515 |        7
      515 |       13
      515 |       14
      516 |        7
      516 |       11
      516 |       13
      517 |        3
      517 |        8
      517 |       13
      518 |        3
      518 |        9
      518 |       13
      519 |        8
      519 |       12
      520 |       11
      520 |       13
      521 |        5
      521 |       10
      521 |       19
      522 |        5
      522 |        9
      522 |       13
      523 |        3
      523 |       10
      523 |       13
      524 |        7
      524 |       13
      524 |       19
      525 |        5
      525 |        9
      525 |       13
      526 |        3
      526 |       13
      526 |       19
      527 |        3
      527 |       13
      527 |       17
      528 |        1
      528 |        8
      529 |        3
      529 |        8
      529 |       17
      530 |        3
      530 |        4
      530 |        8
      531 |        7
      531 |       11
      531 |       13
      532 |        1
      532 |        5
      533 |        3
      533 |        5
      533 |       17
      534 |        3
      534 |        5
      534 |       17
      535 |       13
      535 |       19
      536 |        3
      536 |        9
      536 |       13
      537 |        3
      537 |        4
      537 |        9
      538 |        3
      538 |        7
      538 |        8
      539 |        5
      539 |        9
      539 |       13
      540 |        9
      540 |       13
      541 |        4
      541 |        5
      542 |        4
      542 |        5
      542 |       17
      543 |        3
      543 |        4
      543 |       17
      544 |       11
      544 |       13
      545 |        5
      545 |       13
      546 |        4
      546 |       13
      546 |       17
      547 |        7
      547 |       13
      548 |        6
      548 |        8
      548 |       12
      549 |        2
      549 |       13
      549 |       19
      550 |       13
      551 |        7
      551 |       11
      551 |       13
      552 |       11
      552 |       13
      552 |       19
      553 |        3
      553 |        8
      553 |       17
      554 |        5
      554 |       13
      554 |       17
      555 |        5
      555 |       11
      555 |       13
      556 |        4
      556 |        5
      557 |        4
      557 |        5
      558 |        3
      558 |       12
      558 |       13
      559 |        3
      559 |        8
      559 |       19
      560 |        7
      560 |        8
      560 |       17
      561 |        3
      561 |        5
      561 |        8
      562 |        1
      562 |       12
      563 |        1
      563 |        4
      564 |        7
      564 |        8
      564 |       18
      565 |        3
      565 |        8
      565 |       13
      566 |        6
      566 |        8
      566 |       12
      567 |        3
      567 |        8
      567 |       17
      568 |        7
      568 |       13
      569 |        7
      569 |       13
      570 |        5
      570 |        9
      570 |       13
      571 |        7
      571 |       11
      572 |        6
      572 |        7
      572 |       18
      573 |        7
      573 |       13
      574 |        7
      574 |       13
      575 |        2
      575 |       13
      575 |       19
      576 |        3
      576 |        8
      576 |       12
      577 |        3
      577 |       10
      577 |       13
      578 |        3
      578 |        8
      578 |       17
      579 |        3
      579 |        4
      579 |        8
      580 |        4
      580 |        9
      580 |       13
      581 |        3
      582 |        3
      582 |        6
      582 |        8
      583 |        7
      583 |       11
      584 |        7
      584 |       11
      584 |       13
      585 |        2
      585 |       13
      585 |       19
      586 |        3
      586 |        5
      586 |       12
      587 |        2
      587 |       13
      587 |       19
      588 |        3
      588 |       12
      588 |       13
      589 |        5
      589 |        8
      589 |       17
      590 |        7
      590 |        8
      590 |       18
      591 |        4
      591 |        5
      591 |       13
      592 |       11
      592 |       13
      593 |        4
      593 |        9
      593 |       13
      594 |        2
      594 |        7
      594 |       11
      595 |        6
      595 |        7
      596 |        1
      596 |        4
      596 |       13
      597 |        2
      597 |        3
      597 |       13
      598 |        3
      598 |        7
      598 |        8
      599 |        4
      599 |       13
      599 |       17
      600 |        3
      600 |        7
      600 |       18
      601 |        3
      601 |        9
      601 |       13
      602 |        3
      602 |        9
      602 |       13
      603 |        7
      603 |       11
      603 |       13
      604 |        3
      604 |        8
      604 |       18
      605 |        9
      605 |       13
      606 |       13
      607 |       13
      608 |        7
      608 |        9
      609 |       13
      610 |        3
      610 |        8
      610 |       12
      611 |       11
      611 |       12
      611 |       13
      612 |        7
      612 |       13
      613 |        5
      613 |       12
      613 |       13
      614 |        9
      614 |       13
      614 |       19
      615 |        7
      615 |       11
      615 |       13
      616 |        3
      616 |        9
      616 |       13
      617 |       17
      618 |        3
      618 |       13
      618 |       19
      619 |        3
      619 |        7
      619 |       11
      620 |        7
      620 |        8
      620 |       13
      621 |        7
      621 |        9
      621 |       13
      622 |        1
      622 |        3
      622 |       12
      623 |        1
      623 |       13
      624 |        1
      625 |        3
      625 |        5
      626 |        3
      626 |        4
      626 |        8
      627 |        3
      627 |        8
      627 |       12
      628 |        7
      628 |       11
      628 |       13
      629 |        4
      629 |        9
      629 |       13
      630 |        6
      630 |        7
      630 |        8
      631 |        7
      631 |       11
      631 |       13
      632 |        7
      633 |        1
      633 |        7
      633 |       13
      634 |        1
      634 |        5
      634 |       13
      635 |        6
      635 |        8
      635 |       18
      636 |        7
      636 |       11
      637 |        4
      637 |       11
      637 |       17
      638 |        9
      638 |       13
      639 |        1
      639 |        4
      639 |       13
      640 |        7
      641 |       13
      641 |       19
      642 |        5
      642 |        7
      642 |       13
      643 |        7
      643 |       15
      644 |       10
      644 |       13
      644 |       20
      645 |        1
      645 |       13
      645 |       17
      646 |       13
      647 |        7
      647 |       13
      648 |        1
      648 |        5
      648 |       12
      649 |       11
      649 |       13
      650 |        3
      650 |        7
      650 |       12
      651 |        1
      651 |       13
      651 |       16
      652 |        4
      652 |        9
      652 |       13
      653 |        1
      653 |        4
      653 |        5
      654 |        7
      654 |       14
      655 |       13
      656 |        9
      656 |       13
      656 |       19
      657 |       13
      658 |        3
      658 |        7
      658 |        8
      659 |        4
      659 |        9
      659 |       13
      660 |       13
      661 |        3
      661 |        7
      661 |        9
      662 |        7
      662 |       11
      662 |       13
      663 |        4
      663 |        9
      663 |       13
      664 |        3
      664 |        7
      664 |        9
      665 |       13
      666 |       11
      666 |       13
      667 |        4
      667 |        9
      667 |       13
      668 |        7
      668 |        8
      668 |       11
      669 |        7
      669 |        9
      669 |       13
      670 |        5
      670 |        8
      670 |       13
      671 |        9
      671 |       13
      671 |       19
      672 |        5
      672 |        9
      672 |       13
      673 |        5
      673 |       10
      673 |       13
      674 |        3
      674 |        8
      674 |       17
      675 |        3
      675 |        7
      676 |        1
      677 |        3
      677 |        4
      677 |        9
      678 |        7
      678 |       11
      679 |        7
      680 |        3
      680 |        5
      680 |       13
      681 |        3
      681 |        8
      681 |       17
      682 |        4
      682 |        5
      682 |       13
      683 |        7
      683 |       11
      683 |       13
      684 |        1
      684 |        3
      684 |       12
      685 |       11
      685 |       13
      686 |       13
      686 |       19
      687 |       13
      687 |       19
      688 |        3
      688 |        8
      688 |       17
      689 |        7
      689 |        8
      689 |       18
      690 |        4
      690 |        5
      690 |       13
      691 |        1
      691 |        3
      691 |       17
      692 |       11
      692 |       13
      693 |       13
      693 |       19
      694 |        3
      694 |        8
      694 |       13
      695 |        8
      695 |       12
      695 |       13
      696 |        6
      696 |       13
      697 |        7
      697 |       11
      697 |       13
      698 |       11
      698 |       13
      698 |       17
      699 |        3
      699 |        5
      699 |        8
      700 |        7
      700 |       11
      701 |        1
      701 |        9
      701 |       13
      702 |        7
      702 |       12
      703 |        3
      703 |        7
      703 |        9
      704 |        8
      704 |       11
      704 |       13
      705 |        3
      705 |        9
      705 |       13
      706 |        1
      706 |        5
      706 |        9
      707 |        5
      707 |       11
      707 |       17
      708 |        7
      708 |       11
      708 |       13
      709 |        9
      709 |       13
      710 |        4
      710 |        9
      710 |       13
      711 |        3
      711 |        8
      711 |       17
      712 |       12
      712 |       18
      713 |        7
      713 |        8
      713 |       18
      714 |        4
      714 |       13
      714 |       20
      715 |        7
      715 |       11
      716 |        6
      716 |        7
      716 |       18
      717 |        7
      718 |        1
      718 |        4
      718 |        5
      719 |        3
      719 |        8
      719 |       13
      720 |        7
      721 |       13
      722 |        8
      722 |       13
      722 |       19
      723 |        7
      724 |        1
      724 |        5
      725 |        3
      725 |        6
      725 |       13
      726 |        1
      726 |        7
      726 |       12
      727 |        7
      727 |       11
      728 |        4
      728 |       11
      728 |       13
      729 |        3
      729 |        7
      729 |        8
      730 |        5
      731 |        7
      732 |        7
      732 |        8
      732 |       17
      733 |        7
      733 |       12
      733 |       13
      734 |        4
      734 |        5
      735 |        7
      735 |       13
      736 |        6
      736 |        8
      736 |       13
      737 |        1
      737 |        5
      738 |        3
      738 |       11
      738 |       13
      739 |       11
      739 |       13
      740 |        3
      740 |        8
      740 |       12
      741 |        7
      742 |        3
      742 |       13
      742 |       19
      743 |        4
      743 |       11
      743 |       13
      744 |        8
      744 |       13
      744 |       15
      745 |       11
      745 |       13
      745 |       14
      746 |        7
      746 |       11
      746 |       15
      747 |        5
      748 |        7
      748 |       11
      748 |       13
      749 |        1
      749 |        5
      750 |        6
      750 |        8
      750 |       12
      751 |        4
      751 |        9
      751 |       13
      752 |        1
      752 |        4
      753 |        7
      753 |        9
      753 |       13
      754 |        3
      754 |        7
      754 |       11
      755 |       10
      755 |       13
      755 |       19
      756 |        8
      756 |       13
      757 |        5
      757 |       13
      758 |       13
      759 |        3
      759 |        8
      759 |       12
      760 |        3
      760 |       13
      760 |       19
      761 |       13
      761 |       14
      762 |        7
      762 |       13
      763 |        5
      763 |       13
      763 |       20
      764 |        3
      764 |        4
      764 |        5
      765 |        1
      765 |        5
      765 |       17
      766 |        7
      766 |       11
      766 |       13
      767 |        3
      767 |       17
      768 |        3
      768 |        8
      768 |       12
      769 |        4
      769 |       11
      769 |       13
      770 |       13
      771 |        3
      771 |        5
      771 |        8
      772 |        3
      772 |        5
      772 |        9
      773 |        3
      773 |        8
      773 |       18
      774 |        4
      774 |       12
      774 |       13
      775 |       13
      775 |       17
      776 |        7
      776 |        8
      776 |       18
      777 |        1
      777 |        5
      778 |        3
      778 |        5
      779 |        7
      780 |       13
      780 |       19
      781 |        3
      781 |        4
      781 |        5
      782 |        3
      782 |        4
      782 |       17
      783 |        5
      783 |        9
      783 |       13
      784 |        7
      784 |       11
      785 |        7
      785 |       11
      785 |       13
      786 |        5
      786 |       13
      786 |       19
      787 |       13
      788 |        3
      788 |        6
      788 |        8
      789 |        6
      789 |        7
      789 |       18
      790 |        3
      790 |        9
      790 |       13
      791 |        7
      792 |        5
      792 |        7
      792 |        9
      793 |        7
      793 |       11
      794 |        7
      794 |       13
      794 |       18
      795 |        3
      795 |        5
      795 |        9
      796 |        7
      796 |       11
      797 |        8
      797 |       13
      797 |       19
      798 |        7
      798 |        8
      798 |       18
      799 |        4
      799 |        9
      799 |       13
      800 |        3
      800 |        7
      800 |       17
      801 |        1
      801 |        7
      801 |       12
      802 |        7
      802 |        9
      803 |        3
      803 |        8
      803 |       18
      804 |        3
      804 |        5
      804 |       13
      805 |        1
      805 |       12
      806 |        5
      806 |        9
      806 |       13
      807 |        3
      807 |        8
      807 |       12
      808 |        7
      808 |       11
      808 |       13
      809 |       11
      809 |       13
      809 |       19
      810 |        3
      810 |       10
      810 |       13
      811 |        3
      811 |        7
      811 |        8
      812 |        1
      812 |        5
      813 |        1
      813 |        4
      813 |        5
      814 |        7
      814 |       11
      815 |        7
      815 |        8
      815 |       18
      816 |        4
      816 |        9
      816 |       13
      817 |        4
      817 |        9
      817 |       13
      818 |        8
      818 |       13
      818 |       19
      819 |        1
      819 |        4
      819 |        5
      820 |        1
      820 |        5
      821 |       11
      821 |       13
      821 |       20
      822 |        4
      822 |        8
      822 |       12
      823 |        3
      823 |        8
      823 |       17
      824 |       13
      824 |       19
      825 |        5
      825 |       13
      826 |        1
      826 |        5
      827 |        1
      827 |        5
      827 |       13
      828 |        3
      828 |        8
      828 |       12
      829 |        1
      829 |        3
      829 |        5
      830 |        7
      831 |        2
      831 |       13
      832 |        6
      832 |        7
      833 |       11
      833 |       13
      834 |        3
      834 |        7
      834 |        8
      835 |        7
      836 |        4
      836 |        5
      836 |       11
      837 |        9
      837 |       13
      838 |        3
      838 |        7
      839 |        4
      839 |        9
      839 |       13
      840 |       11
      840 |       13
      840 |       19
      841 |        7
      841 |        9
      842 |        5
      842 |       13
      843 |       13
      844 |        7
      844 |        8
      844 |       18
      845 |        3
      845 |        5
      846 |        5
      846 |       13
      847 |        7
      847 |        8
      847 |       18
      848 |        4
      848 |        9
      848 |       13
      849 |        5
      850 |        2
      850 |       13
      850 |       19
      851 |        5
      851 |        9
      851 |       13
      852 |       13
      852 |       14
      853 |        5
      853 |        9
      853 |       13
      854 |       11
      854 |       13
      855 |        3
      855 |        8
      855 |       18
      856 |        7
      856 |       13
      857 |        3
      857 |        8
      857 |       13
      858 |        9
      858 |       13
      858 |       19
      859 |        1
      860 |        4
      860 |       13
      860 |       19
      861 |       11
      861 |       13
      862 |       11
      862 |       13
      862 |       18
      863 |        6
      863 |        7
      864 |       13
      865 |        4
      865 |        5
      866 |        1
      866 |       12
      866 |       13
      867 |       11
      867 |       13
      868 |       10
      868 |       13
      868 |       19
      869 |        6
      869 |        7
      870 |        3
      870 |        5
      870 |        8
      871 |        7
      871 |       13
      872 |        3
      872 |        8
      872 |       12
      873 |        3
      873 |        5
      874 |       11
      874 |       13
      875 |        7
      875 |       11
      875 |       13
      876 |        1
      876 |       13
      876 |       17
      877 |        1
      877 |        7
      877 |       11
      878 |       13
      879 |        3
      879 |        8
      879 |       17
      880 |        3
      880 |        8
      880 |       12
      881 |        3
      881 |        8
      881 |       13
      882 |        7
      882 |       13
      882 |       19
      883 |        4
      883 |       11
      883 |       13
      884 |        7
      884 |        8
      884 |       18
      885 |       11
      885 |       13
      885 |       17
      886 |       13
      887 |       12
      887 |       13
      888 |       11
      888 |       13
      889 |        1
      889 |        5
      889 |        7
      890 |        7
      890 |       11
      890 |       13
      891 |        9
      891 |       13
      892 |        7
      892 |       11
      893 |        3
      893 |        6
      893 |       13
      894 |        7
      894 |       11
      894 |       13
      895 |        3
      895 |        5
      895 |       20
      896 |        1
      896 |        3
      896 |        7
      897 |        2
      897 |       13
      897 |       19
      898 |        7
      898 |        8
      898 |       13
      899 |        7
      899 |       11
      900 |        7
      900 |       11
      901 |        7
      901 |       11
      901 |       13
      902 |        3
      902 |        8
      902 |        9
      903 |        7
      903 |       11
      904 |        3
      904 |        8
      904 |       18
      905 |        3
      905 |        9
      905 |       17
      906 |       13
      907 |        7
      907 |       11
      907 |       13
      908 |        5
      908 |        9
      909 |        1
      909 |        7
      909 |       17
      910 |        5
      910 |       13
      911 |        1
      911 |       12
      911 |       13
      912 |        5
      913 |        6
      913 |        8
      913 |       13
      914 |        4
      914 |        5
      914 |       17
      915 |        9
      915 |       13
      915 |       19
      916 |        1
      916 |       12
      916 |       13
      917 |        3
      917 |        5
      917 |        8
      918 |        1
      918 |        9
      918 |       13
      919 |        9
      919 |       12
      919 |       13
      920 |        6
      920 |        8
      920 |       12
      921 |        3
      921 |        8
      921 |       13
      922 |        1
      922 |        3
      922 |        7
      923 |        6
      923 |        7
      923 |       13
      924 |        3
      924 |        5
      925 |        3
      925 |        8
      925 |       17
      926 |        8
      926 |       12
      926 |       13
      927 |       13
      928 |       13
      929 |        7
      930 |       13
      931 |        7
      931 |       13
      931 |       14
      932 |       12
      932 |       13
      932 |       14
      933 |       13
      934 |        5
      935 |        1
      935 |        7
      936 |        2
      936 |        3
      936 |        7
      937 |        1
      938 |        7
      938 |       13
      939 |        3
      939 |        5
      939 |       13
      940 |       11
      940 |       13
      941 |        1
      941 |        4
      942 |        8
      942 |       12
      942 |       13
      943 |        5
      944 |        7
      944 |       11
      945 |        3
      945 |        5
      945 |       17
      946 |        4
      946 |        5
      946 |       12
      947 |       13
      947 |       19
      948 |        9
      948 |       13
      949 |        3
      949 |        8
      949 |       17
      950 |        8
      951 |        7
      951 |       13
      952 |        7
      952 |       13
      953 |        7
      953 |       11
      953 |       13
      954 |        7
      954 |        8
      954 |       13
      955 |        3
      955 |        5
      955 |       17
      956 |        7
      956 |       11
      957 |        1
      957 |        3
      957 |       12
      958 |        5
      958 |        9
      958 |       13
      959 |        3
      959 |        5
      959 |       13
      960 |        4
      960 |        9
      960 |       13
      961 |        4
      961 |        9
      961 |       13
      962 |        5
      962 |       13
      962 |       17
      963 |       10
      963 |       13
      963 |       19
      964 |        1
      964 |        5
      964 |        9
      965 |       13
      966 |        4
      966 |        5
      966 |       13
      967 |        8
      967 |       19
      968 |        8
      968 |        9
      968 |       19
      969 |        1
      969 |        3
      969 |        5
      970 |        3
      970 |        8
      970 |       15
      971 |        1
      971 |        5
      972 |        4
      972 |        5
      972 |       13
      973 |        7
      973 |       13
      973 |       16
      974 |        1
      974 |        4
      975 |        2
      975 |       13
      975 |       19
      976 |        6
      976 |        7
      976 |       11
      977 |        4
      977 |        5
      977 |       13
      978 |        7
      979 |       13
      980 |        5
      980 |       13
      981 |        6
      981 |       13
      981 |       19
      982 |        6
      982 |        7
      982 |       13
      983 |       12
      983 |       13
      983 |       16
      984 |        7
      985 |        6
      985 |        8
      986 |        7
      986 |        8
      986 |       12
      987 |        1
      987 |        5
      988 |       11
      988 |       13
      989 |        1
      990 |       10
      990 |       13
      990 |       19
      991 |        3
      991 |        8
      991 |       12
      992 |        6
      992 |       13
      992 |       14
      993 |        7
      993 |       11
      993 |       13
      994 |        1
      994 |        3
      994 |        8
      995 |        7
      996 |        4
      996 |        9
      996 |       13
      997 |        1
      998 |       11
      998 |       13
      998 |       14
      999 |        7
      999 |        8
     1000 |        6
     1000 |        7
     1000 |       12
(2555 rows)

